bits, path
2, sub-001/anat/surfaces/001
2, sub-001/dwi
2, sub-002/anat/surfaces/002
2, sub-002/dwi
2, sub-003/anat/surfaces/003
2, sub-003/dwi
2, sub-003/func
2, sub-003/QC
2, sub-004/anat/surfaces/004
2, sub-004/dwi
2, sub-004/func
2, sub-004/QC
2, sub-005/anat/surfaces/005
2, sub-005/dwi
2, sub-005/func/surfaces
2, sub-006/anat/surfaces/006
2, sub-006/dwi
2, sub-006/func
2, sub-006/QC
2, sub-007/anat/surfaces/007
2, sub-007/dwi
2, sub-009/anat/surfaces/009
2, sub-010/anat/surfaces/010
2, sub-010/func/surfaces
2, sub-011/anat/surfaces/011
2, sub-011/QC/png
2, sub-012/anat/surfaces/012
2, sub-013/anat/surfaces/013
2, sub-013/dwi
2, sub-014/anat/surfaces/014
2, sub-015/anat/surfaces/015
2, sub-016/anat/surfaces/016
2, sub-017/anat/surfaces/017
2, sub-018/anat/surfaces/018
2, sub-019/anat/surfaces/019
2, sub-019/QC/png
2, sub-020/anat/surfaces/020
2, sub-021/anat/surfaces/021
2, sub-022/anat/surfaces/022
2, sub-023/anat/surfaces/023
2, sub-023/QC/png
2, sub-024/anat/surfaces/024
2, sub-025/anat/surfaces/025
2, sub-026/anat/surfaces/026
2, sub-027/anat/surfaces/027
2, sub-028/anat/surfaces/028
2, sub-028/QC/png
2, sub-029/anat/surfaces/029
2, sub-030/anat/surfaces/030
2, sub-031/anat/surfaces/031
2, sub-032/anat/surfaces/032
2, sub-033/anat/surfaces/033
2, sub-034/anat/surfaces/034
2, sub-034/QC/png
2, sub-035/anat/surfaces/035
2, sub-036/anat/surfaces/036
2, sub-038/anat/surfaces/038
2, sub-039/anat/surfaces/039
2, sub-040/anat/surfaces/040
2, sub-041/anat/surfaces/041
2, sub-042/anat/surfaces/042
2, sub-043/anat/surfaces/043
2, sub-044/anat/surfaces/044
2, sub-044/func/surfaces
2, sub-045/anat/surfaces/045
2, sub-046/anat/surfaces/046
2, sub-047/anat/surfaces/047
2, sub-048/anat/surfaces/048
2, sub-049/anat/surfaces/049
2, sub-050/anat/surfaces/050
2, sub-051/anat/surfaces/051
2, sub-052/anat/surfaces/052
2, sub-053/anat/surfaces/053
2, sub-054/anat/surfaces/054
2, sub-055/anat/surfaces/055
2, sub-056/anat/surfaces/056
2, sub-057/anat/surfaces/057
2, sub-058/anat/surfaces/058
2, sub-059/anat/surfaces/059
2, sub-060/anat/surfaces/060
2, sub-061/anat/surfaces/061
2, sub-062/anat/surfaces/062
2, sub-063/anat/surfaces/063
2, sub-064/anat/surfaces/064
2, sub-065/anat/surfaces/065
2, sub-066/anat/surfaces/066
2, sub-067/anat/surfaces/067
2, sub-068/anat/surfaces/068
2, sub-069/anat/surfaces/069
2, sub-070/anat/surfaces/070
2, sub-071/anat/surfaces/071
2, sub-072/anat/surfaces/072
2, sub-073/anat/surfaces/073
2, sub-074/anat/surfaces/074
2, sub-075/anat/surfaces/075
2, sub-076/anat/surfaces/076
2, sub-077/anat/surfaces/077
2, sub-078/anat/surfaces/078
2, sub-078/func/surfaces
2, sub-080/anat/surfaces/080
2, sub-081/anat/surfaces/081
2, sub-082/anat/surfaces/082
2, sub-083/anat/surfaces/083
2, sub-084/anat/surfaces/084
2, sub-085/anat/surfaces/085
2, sub-086/anat/surfaces/086
2, sub-087/anat/surfaces/087
2, sub-088/anat/surfaces/088
2, sub-091/anat/surfaces/091
2, sub-092/anat/surfaces/092
2, sub-093/anat/surfaces/093
2, sub-094/anat/surfaces/094
2, sub-095/anat/surfaces/095
2, sub-097/anat/surfaces/097
2, sub-098/anat/surfaces/098
2, sub-099/anat/surfaces/099
2, sub-100/anat/surfaces/100
2, sub-101/anat/surfaces/101
2, sub-102/anat/surfaces/102
2, sub-102/func/surfaces
2, sub-103/anat/surfaces/103
2, sub-104/anat/surfaces/104
2, sub-105/anat/surfaces/105
2, sub-105/func
2, sub-106/anat/surfaces/106
2, sub-107/anat/surfaces/107
2, sub-108/anat/surfaces/108
2, sub-109/anat/surfaces/109
2, sub-110/anat/surfaces/110
2, sub-111/anat/surfaces/111
2, sub-112/anat/surfaces/112
2, sub-114/anat/surfaces/114
2, sub-115/anat/surfaces/115
2, sub-116/anat/surfaces/116
2, sub-116/dwi
2, sub-117/anat/surfaces/117
2, sub-118/anat/surfaces/118
2, sub-119/anat/surfaces/119
2, sub-120/anat/surfaces/120
2, sub-122/anat/surfaces/122
2, sub-123/anat/surfaces/123
2, sub-124/anat/surfaces/124
2, sub-125/anat/surfaces/125
2, sub-125/func/surfaces
2, sub-126/anat/surfaces/126
2, sub-127/anat/surfaces/127
2, sub-128/anat/surfaces/128
2, sub-129/anat/surfaces/129
2, sub-130/anat/surfaces/130
2, sub-131/anat/surfaces/131
2, sub-131/func/surfaces
2, sub-132/anat/surfaces/132
2, sub-133/anat/surfaces/133
2, sub-134/anat/surfaces/134
2, sub-134/func/surfaces
2, sub-136/anat/surfaces/136
2, sub-137/anat/surfaces/137
2, sub-138/anat/surfaces/138
2, sub-139/anat/surfaces/139
2, sub-140/anat/surfaces/140
2, sub-141/anat/surfaces/141
2, sub-142/anat/surfaces/142
2, sub-142/dwi
2, sub-144/anat/surfaces/144
2, sub-145/anat/surfaces/145
2, sub-146/anat/surfaces/146
2, sub-147/anat/surfaces/147
2, sub-149/anat/surfaces/149
2, sub-153/anat/surfaces/153
2, sub-154/anat/surfaces/154
2, sub-156/anat/surfaces/156
2, sub-159/anat/surfaces/159
2, sub-160/anat/surfaces/160
2, sub-161/anat/surfaces/161
2, sub-161/anat/surfaces/conte69
2, sub-161/anat/volumetric
2, sub-161/func
6, sub-161/anat/surfaces
28, sub-001/QC
28, sub-005/QC
28, sub-007/QC
28, sub-013/QC
28, sub-116/QC
28, sub-142/QC
223, sub-009/func/ICA_MELODIC/mc
223, sub-018/func/ICA_MELODIC/mc
223, sub-029/func/ICA_MELODIC/mc
223, sub-039/func/ICA_MELODIC/mc
223, sub-056/func/ICA_MELODIC/mc
223, sub-110/func/ICA_MELODIC/mc
223, sub-117/func/ICA_MELODIC/mc
223, sub-122/func/ICA_MELODIC/mc
223, sub-125/func/ICA_MELODIC/mc
223, sub-149/func/ICA_MELODIC/mc
223, sub-160/func/ICA_MELODIC/mc
247, sub-001/func/ICA_MELODIC/mc
247, sub-005/func/ICA_MELODIC/mc
247, sub-007/func/ICA_MELODIC/mc
247, sub-008/func/ICA_MELODIC/mc
247, sub-010/func/ICA_MELODIC/mc
247, sub-011/func/ICA_MELODIC/mc
247, sub-012/func/ICA_MELODIC/mc
247, sub-013/func/ICA_MELODIC/mc
247, sub-014/func/ICA_MELODIC/mc
247, sub-015/func/ICA_MELODIC/mc
247, sub-016/func/ICA_MELODIC/mc
247, sub-017/func/ICA_MELODIC/mc
247, sub-019/func/ICA_MELODIC/mc
247, sub-020/func/ICA_MELODIC/mc
247, sub-021/func/ICA_MELODIC/mc
247, sub-022/func/ICA_MELODIC/mc
247, sub-023/func/ICA_MELODIC/mc
247, sub-024/func/ICA_MELODIC/mc
247, sub-025/func/ICA_MELODIC/mc
247, sub-026/func/ICA_MELODIC/mc
247, sub-027/func/ICA_MELODIC/mc
247, sub-028/func/ICA_MELODIC/mc
247, sub-030/func/ICA_MELODIC/mc
247, sub-031/func/ICA_MELODIC/mc
247, sub-032/func/ICA_MELODIC/mc
247, sub-033/func/ICA_MELODIC/mc
247, sub-034/func/ICA_MELODIC/mc
247, sub-035/func/ICA_MELODIC/mc
247, sub-036/func/ICA_MELODIC/mc
247, sub-038/func/ICA_MELODIC/mc
247, sub-040/func/ICA_MELODIC/mc
247, sub-041/func/ICA_MELODIC/mc
247, sub-042/func/ICA_MELODIC/mc
247, sub-043/func/ICA_MELODIC/mc
247, sub-044/func/ICA_MELODIC/mc
247, sub-045/func/ICA_MELODIC/mc
247, sub-046/func/ICA_MELODIC/mc
247, sub-047/func/ICA_MELODIC/mc
247, sub-048/func/ICA_MELODIC/mc
247, sub-049/func/ICA_MELODIC/mc
247, sub-050/func/ICA_MELODIC/mc
247, sub-051/func/ICA_MELODIC/mc
247, sub-052/func/ICA_MELODIC/mc
247, sub-053/func/ICA_MELODIC/mc
247, sub-054/func/ICA_MELODIC/mc
247, sub-055/func/ICA_MELODIC/mc
247, sub-057/func/ICA_MELODIC/mc
247, sub-058/func/ICA_MELODIC/mc
247, sub-059/func/ICA_MELODIC/mc
247, sub-060/func/ICA_MELODIC/mc
247, sub-061/func/ICA_MELODIC/mc
247, sub-062/func/ICA_MELODIC/mc
247, sub-063/func/ICA_MELODIC/mc
247, sub-064/func/ICA_MELODIC/mc
247, sub-065/func/ICA_MELODIC/mc
247, sub-066/func/ICA_MELODIC/mc
247, sub-067/func/ICA_MELODIC/mc
247, sub-068/func/ICA_MELODIC/mc
247, sub-069/func/ICA_MELODIC/mc
247, sub-070/func/ICA_MELODIC/mc
247, sub-071/func/ICA_MELODIC/mc
247, sub-072/func/ICA_MELODIC/mc
247, sub-073/func/ICA_MELODIC/mc
247, sub-074/func/ICA_MELODIC/mc
247, sub-075/func/ICA_MELODIC/mc
247, sub-076/func/ICA_MELODIC/mc
247, sub-077/func/ICA_MELODIC/mc
247, sub-078/func/ICA_MELODIC/mc
247, sub-080/func/ICA_MELODIC/mc
247, sub-081/func/ICA_MELODIC/mc
247, sub-082/func/ICA_MELODIC/mc
247, sub-083/func/ICA_MELODIC/mc
247, sub-084/func/ICA_MELODIC/mc
247, sub-085/func/ICA_MELODIC/mc
247, sub-086/func/ICA_MELODIC/mc
247, sub-087/func/ICA_MELODIC/mc
247, sub-088/func/ICA_MELODIC/mc
247, sub-091/func/ICA_MELODIC/mc
247, sub-092/func/ICA_MELODIC/mc
247, sub-093/func/ICA_MELODIC/mc
247, sub-094/func/ICA_MELODIC/mc
247, sub-095/func/ICA_MELODIC/mc
247, sub-097/func/ICA_MELODIC/mc
247, sub-098/func/ICA_MELODIC/mc
247, sub-099/func/ICA_MELODIC/mc
247, sub-100/func/ICA_MELODIC/mc
247, sub-101/func/ICA_MELODIC/mc
247, sub-102/func/ICA_MELODIC/mc
247, sub-103/func/ICA_MELODIC/mc
247, sub-104/func/ICA_MELODIC/mc
247, sub-106/func/ICA_MELODIC/mc
247, sub-107/func/ICA_MELODIC/mc
247, sub-108/func/ICA_MELODIC/mc
247, sub-109/func/ICA_MELODIC/mc
247, sub-111/func/ICA_MELODIC/mc
247, sub-112/func/ICA_MELODIC/mc
247, sub-114/func/ICA_MELODIC/mc
247, sub-115/func/ICA_MELODIC/mc
247, sub-116/func/ICA_MELODIC/mc
247, sub-118/func/ICA_MELODIC/mc
247, sub-119/func/ICA_MELODIC/mc
247, sub-120/func/ICA_MELODIC/mc
247, sub-123/func/ICA_MELODIC/mc
247, sub-124/func/ICA_MELODIC/mc
247, sub-126/func/ICA_MELODIC/mc
247, sub-127/func/ICA_MELODIC/mc
247, sub-128/func/ICA_MELODIC/mc
247, sub-129/func/ICA_MELODIC/mc
247, sub-130/func/ICA_MELODIC/mc
247, sub-131/func/ICA_MELODIC/mc
247, sub-132/func/ICA_MELODIC/mc
247, sub-133/func/ICA_MELODIC/mc
247, sub-134/func/ICA_MELODIC/mc
247, sub-136/func/ICA_MELODIC/mc
247, sub-137/func/ICA_MELODIC/mc
247, sub-138/func/ICA_MELODIC/mc
247, sub-140/func/ICA_MELODIC/mc
247, sub-141/func/ICA_MELODIC/mc
247, sub-142/func/ICA_MELODIC/mc
247, sub-144/func/ICA_MELODIC/mc
247, sub-145/func/ICA_MELODIC/mc
247, sub-146/func/ICA_MELODIC/mc
247, sub-147/func/ICA_MELODIC/mc
247, sub-153/func/ICA_MELODIC/mc
247, sub-154/func/ICA_MELODIC/mc
247, sub-156/func/ICA_MELODIC/mc
247, sub-159/func/ICA_MELODIC/mc
697, sub-028/dwi/eddy
697, sub-154/dwi/eddy
721, sub-009/dwi/eddy
721, sub-010/dwi/eddy
721, sub-159/dwi/eddy
745, sub-011/dwi/eddy
745, sub-012/dwi/eddy
745, sub-014/dwi/eddy
745, sub-016/dwi/eddy
745, sub-017/dwi/eddy
745, sub-019/dwi/eddy
745, sub-020/dwi/eddy
745, sub-021/dwi/eddy
745, sub-022/dwi/eddy
745, sub-027/dwi/eddy
745, sub-029/dwi/eddy
745, sub-030/dwi/eddy
745, sub-031/dwi/eddy
745, sub-032/dwi/eddy
745, sub-034/dwi/eddy
745, sub-035/dwi/eddy
745, sub-036/dwi/eddy
745, sub-039/dwi/eddy
745, sub-040/dwi/eddy
745, sub-041/dwi/eddy
745, sub-042/dwi/eddy
745, sub-043/dwi/eddy
745, sub-045/dwi/eddy
745, sub-046/dwi/eddy
745, sub-047/dwi/eddy
745, sub-048/dwi/eddy
745, sub-050/dwi/eddy
745, sub-051/dwi/eddy
745, sub-053/dwi/eddy
745, sub-055/dwi/eddy
745, sub-056/dwi/eddy
745, sub-057/dwi/eddy
745, sub-059/dwi/eddy
745, sub-060/dwi/eddy
745, sub-061/dwi/eddy
745, sub-062/dwi/eddy
745, sub-064/dwi/eddy
745, sub-065/dwi/eddy
745, sub-066/dwi/eddy
745, sub-067/dwi/eddy
745, sub-068/dwi/eddy
745, sub-071/dwi/eddy
745, sub-072/dwi/eddy
745, sub-073/dwi/eddy
745, sub-075/dwi/eddy
745, sub-077/dwi/eddy
745, sub-078/dwi/eddy
745, sub-081/dwi/eddy
745, sub-082/dwi/eddy
745, sub-083/dwi/eddy
745, sub-084/dwi/eddy
745, sub-087/dwi/eddy
745, sub-088/dwi/eddy
745, sub-091/dwi/eddy
745, sub-092/dwi/eddy
745, sub-093/dwi/eddy
745, sub-095/dwi/eddy
745, sub-097/dwi/eddy
745, sub-100/dwi/eddy
745, sub-102/dwi/eddy
745, sub-104/dwi/eddy
745, sub-105/dwi/eddy
745, sub-108/dwi/eddy
745, sub-109/dwi/eddy
745, sub-110/dwi/eddy
745, sub-111/dwi/eddy
745, sub-112/dwi/eddy
745, sub-114/dwi/eddy
745, sub-115/dwi/eddy
745, sub-117/dwi/eddy
745, sub-118/dwi/eddy
745, sub-119/dwi/eddy
745, sub-122/dwi/eddy
745, sub-123/dwi/eddy
745, sub-124/dwi/eddy
745, sub-125/dwi/eddy
745, sub-126/dwi/eddy
745, sub-127/dwi/eddy
745, sub-128/dwi/eddy
745, sub-130/dwi/eddy
745, sub-131/dwi/eddy
745, sub-132/dwi/eddy
745, sub-133/dwi/eddy
745, sub-134/dwi/eddy
745, sub-136/dwi/eddy
745, sub-137/dwi/eddy
745, sub-138/dwi/eddy
745, sub-139/dwi/eddy
745, sub-140/dwi/eddy
745, sub-141/dwi/eddy
745, sub-144/dwi/eddy
745, sub-145/dwi/eddy
745, sub-146/dwi/eddy
745, sub-149/dwi/eddy
745, sub-153/dwi/eddy
745, sub-156/dwi/eddy
745, sub-160/dwi/eddy
769, sub-008/dwi/eddy
769, sub-015/dwi/eddy
769, sub-018/dwi/eddy
769, sub-023/dwi/eddy
769, sub-024/dwi/eddy
769, sub-025/dwi/eddy
769, sub-026/dwi/eddy
769, sub-033/dwi/eddy
769, sub-044/dwi/eddy
769, sub-049/dwi/eddy
769, sub-052/dwi/eddy
769, sub-054/dwi/eddy
769, sub-058/dwi/eddy
769, sub-063/dwi/eddy
769, sub-074/dwi/eddy
769, sub-080/dwi/eddy
769, sub-085/dwi/eddy
769, sub-086/dwi/eddy
769, sub-094/dwi/eddy
769, sub-098/dwi/eddy
769, sub-099/dwi/eddy
769, sub-101/dwi/eddy
769, sub-103/dwi/eddy
769, sub-106/dwi/eddy
769, sub-107/dwi/eddy
769, sub-120/dwi/eddy
769, sub-129/dwi/eddy
769, sub-147/dwi/eddy
793, sub-069/dwi/eddy
793, sub-076/dwi/eddy
793, sub-161/dwi/eddy
841, sub-070/dwi/eddy
1611, sub-006/logs
1635, sub-003/logs
1674, sub-004/logs
2040, sub-005/logs
2072, sub-116/logs
2096, sub-142/logs
2112, sub-013/logs
2141, sub-007/logs
2315, sub-161/logs
2552, sub-105/logs
2645, sub-001/logs
3000, sub-010/logs
3007, sub-139/logs
3032, sub-022/logs
3040, sub-062/logs
3048, sub-015/logs
3056, sub-078/logs
3080, sub-102/logs
3088, sub-023/logs
3088, sub-044/logs
3088, sub-124/logs
3088, sub-125/logs
3088, sub-131/logs
3088, sub-134/logs
3096, sub-034/logs
3096, sub-074/logs
3096, sub-080/logs
3096, sub-083/logs
3104, sub-016/logs
3104, sub-031/logs
3104, sub-060/logs
3104, sub-101/logs
3104, sub-123/logs
3104, sub-126/logs
3104, sub-130/logs
3112, sub-012/logs
3112, sub-018/logs
3112, sub-046/logs
3112, sub-048/logs
3112, sub-054/logs
3112, sub-088/logs
3112, sub-108/logs
3112, sub-127/logs
3112, sub-141/logs
3112, sub-145/logs
3120, sub-019/logs
3120, sub-025/logs
3120, sub-033/logs
3120, sub-036/logs
3120, sub-050/logs
3120, sub-051/logs
3120, sub-052/logs
3120, sub-053/logs
3120, sub-056/logs
3120, sub-059/logs
3120, sub-072/logs
3120, sub-073/logs
3120, sub-075/logs
3120, sub-084/logs
3120, sub-086/logs
3120, sub-091/logs
3120, sub-092/logs
3120, sub-093/logs
3120, sub-095/logs
3120, sub-099/logs
3120, sub-100/logs
3120, sub-111/logs
3120, sub-115/logs
3120, sub-120/logs
3120, sub-122/logs
3120, sub-128/logs
3120, sub-154/logs
3120, sub-156/logs
3120, sub-159/logs
3128, sub-032/logs
3128, sub-039/logs
3128, sub-040/logs
3128, sub-043/logs
3128, sub-061/logs
3128, sub-064/logs
3128, sub-065/logs
3128, sub-103/logs
3128, sub-104/logs
3128, sub-107/logs
3128, sub-112/logs
3128, sub-147/logs
3128, sub-149/logs
3136, sub-014/logs
3136, sub-017/logs
3136, sub-020/logs
3136, sub-021/logs
3136, sub-026/logs
3136, sub-027/logs
3136, sub-030/logs
3136, sub-041/logs
3136, sub-045/logs
3136, sub-049/logs
3136, sub-067/logs
3136, sub-068/logs
3136, sub-070/logs
3136, sub-077/logs
3136, sub-081/logs
3136, sub-087/logs
3136, sub-097/logs
3136, sub-098/logs
3136, sub-106/logs
3136, sub-118/logs
3136, sub-119/logs
3136, sub-132/logs
3136, sub-133/logs
3136, sub-137/logs
3136, sub-144/logs
3136, sub-160/logs
3144, sub-024/logs
3144, sub-028/logs
3144, sub-029/logs
3144, sub-042/logs
3144, sub-055/logs
3144, sub-058/logs
3144, sub-063/logs
3144, sub-071/logs
3144, sub-076/logs
3144, sub-082/logs
3144, sub-114/logs
3144, sub-117/logs
3144, sub-138/logs
3144, sub-146/logs
3144, sub-153/logs
3152, sub-035/logs
3152, sub-069/logs
3152, sub-094/logs
3152, sub-109/logs
3152, sub-129/logs
3152, sub-136/logs
3160, sub-047/logs
3160, sub-066/logs
3168, sub-057/logs
3168, sub-085/logs
3304, sub-140/logs
3307, sub-008/QC/eddy_QC
3307, sub-014/QC/eddy_QC
3331, sub-010/QC/eddy_QC
3355, sub-009/QC/eddy_QC
3355, sub-011/QC/eddy_QC
3355, sub-012/QC/eddy_QC
3415, sub-021/anat/first
3415, sub-052/anat/first
3415, sub-088/anat/first
3415, sub-097/anat/first
3415, sub-112/anat/first
3415, sub-114/anat/first
3415, sub-118/anat/first
3415, sub-129/anat/first
3415, sub-130/anat/first
3415, sub-133/anat/first
3418, sub-009/logs
3429, sub-063/QC/eddy_QC
3429, sub-159/QC/eddy_QC
3436, sub-011/QC
3439, sub-008/anat/first
3439, sub-011/anat/first
3439, sub-014/anat/first
3439, sub-016/anat/first
3439, sub-019/anat/first
3439, sub-023/anat/first
3439, sub-026/anat/first
3439, sub-027/anat/first
3439, sub-029/anat/first
3439, sub-030/anat/first
3439, sub-034/anat/first
3439, sub-035/anat/first
3439, sub-038/anat/first
3439, sub-040/anat/first
3439, sub-041/anat/first
3439, sub-042/anat/first
3439, sub-050/anat/first
3439, sub-053/anat/first
3439, sub-054/anat/first
3439, sub-056/anat/first
3439, sub-058/anat/first
3439, sub-061/anat/first
3439, sub-063/anat/first
3439, sub-064/anat/first
3439, sub-066/anat/first
3439, sub-067/anat/first
3439, sub-068/anat/first
3439, sub-069/anat/first
3439, sub-070/anat/first
3439, sub-072/anat/first
3439, sub-073/anat/first
3439, sub-075/anat/first
3439, sub-076/anat/first
3439, sub-082/anat/first
3439, sub-083/anat/first
3439, sub-084/anat/first
3439, sub-086/anat/first
3439, sub-087/anat/first
3439, sub-091/anat/first
3439, sub-098/anat/first
3439, sub-099/anat/first
3439, sub-100/anat/first
3439, sub-103/anat/first
3439, sub-104/anat/first
3439, sub-105/anat/first
3439, sub-106/anat/first
3439, sub-108/anat/first
3439, sub-109/anat/first
3439, sub-111/anat/first
3439, sub-116/anat/first
3439, sub-119/anat/first
3439, sub-122/anat/first
3439, sub-124/anat/first
3439, sub-125/anat/first
3439, sub-126/anat/first
3439, sub-127/anat/first
3439, sub-131/anat/first
3439, sub-138/anat/first
3439, sub-139/anat/first
3439, sub-144/anat/first
3439, sub-145/anat/first
3439, sub-147/anat/first
3439, sub-153/anat/first
3439, sub-154/anat/first
3439, sub-156/anat/first
3439, sub-159/anat/first
3439, sub-161/anat/first
3447, sub-006/anat/first
3447, sub-007/anat/first
3447, sub-009/anat/first
3447, sub-010/anat/first
3447, sub-012/anat/first
3447, sub-013/anat/first
3447, sub-015/anat/first
3447, sub-017/anat/first
3447, sub-018/anat/first
3447, sub-020/anat/first
3447, sub-022/anat/first
3447, sub-024/anat/first
3447, sub-025/anat/first
3447, sub-028/anat/first
3447, sub-031/anat/first
3447, sub-032/anat/first
3447, sub-033/anat/first
3447, sub-036/anat/first
3447, sub-039/anat/first
3447, sub-043/anat/first
3447, sub-044/anat/first
3447, sub-045/anat/first
3447, sub-046/anat/first
3447, sub-047/anat/first
3447, sub-048/anat/first
3447, sub-049/anat/first
3447, sub-051/anat/first
3447, sub-055/anat/first
3447, sub-059/anat/first
3447, sub-060/anat/first
3447, sub-062/anat/first
3447, sub-065/anat/first
3447, sub-071/anat/first
3447, sub-074/anat/first
3447, sub-077/anat/first
3447, sub-078/anat/first
3447, sub-080/anat/first
3447, sub-081/anat/first
3447, sub-085/anat/first
3447, sub-092/anat/first
3447, sub-093/anat/first
3447, sub-094/anat/first
3447, sub-095/anat/first
3447, sub-101/anat/first
3447, sub-102/anat/first
3447, sub-107/anat/first
3447, sub-110/anat/first
3447, sub-115/anat/first
3447, sub-117/anat/first
3447, sub-120/anat/first
3447, sub-123/anat/first
3447, sub-128/anat/first
3447, sub-132/anat/first
3447, sub-134/anat/first
3447, sub-136/anat/first
3447, sub-137/anat/first
3447, sub-140/anat/first
3447, sub-141/anat/first
3447, sub-142/anat/first
3447, sub-146/anat/first
3447, sub-149/anat/first
3447, sub-160/anat/first
3453, sub-067/QC/eddy_QC
3453, sub-070/QC/eddy_QC
3453, sub-075/QC/eddy_QC
3453, sub-088/QC/eddy_QC
3453, sub-115/QC/eddy_QC
3453, sub-126/QC/eddy_QC
3453, sub-145/QC/eddy_QC
3453, sub-154/QC/eddy_QC
3453, sub-156/QC/eddy_QC
3453, sub-161/QC/eddy_QC
3463, sub-057/anat/first
3477, sub-022/QC/eddy_QC
3477, sub-028/QC/eddy_QC
3477, sub-052/QC/eddy_QC
3477, sub-054/QC/eddy_QC
3477, sub-082/QC/eddy_QC
3477, sub-097/QC/eddy_QC
3477, sub-106/QC/eddy_QC
3477, sub-114/QC/eddy_QC
3477, sub-124/QC/eddy_QC
3477, sub-125/QC/eddy_QC
3477, sub-127/QC/eddy_QC
3477, sub-130/QC/eddy_QC
3477, sub-133/QC/eddy_QC
3477, sub-137/QC/eddy_QC
3477, sub-141/QC/eddy_QC
3477, sub-146/QC/eddy_QC
3477, sub-149/QC/eddy_QC
3477, sub-153/QC/eddy_QC
3477, sub-160/QC/eddy_QC
3480, sub-161/QC
3501, sub-015/QC/eddy_QC
3501, sub-016/QC/eddy_QC
3501, sub-019/QC/eddy_QC
3501, sub-020/QC/eddy_QC
3501, sub-021/QC/eddy_QC
3501, sub-023/QC/eddy_QC
3501, sub-029/QC/eddy_QC
3501, sub-030/QC/eddy_QC
3501, sub-031/QC/eddy_QC
3501, sub-033/QC/eddy_QC
3501, sub-035/QC/eddy_QC
3501, sub-038/QC/eddy_QC
3501, sub-045/QC/eddy_QC
3501, sub-050/QC/eddy_QC
3501, sub-058/QC/eddy_QC
3501, sub-064/QC/eddy_QC
3501, sub-074/QC/eddy_QC
3501, sub-076/QC/eddy_QC
3501, sub-078/QC/eddy_QC
3501, sub-084/QC/eddy_QC
3501, sub-086/QC/eddy_QC
3501, sub-087/QC/eddy_QC
3501, sub-091/QC/eddy_QC
3501, sub-092/QC/eddy_QC
3501, sub-100/QC/eddy_QC
3501, sub-103/QC/eddy_QC
3501, sub-104/QC/eddy_QC
3501, sub-112/QC/eddy_QC
3501, sub-118/QC/eddy_QC
3501, sub-122/QC/eddy_QC
3501, sub-131/QC/eddy_QC
3501, sub-132/QC/eddy_QC
3501, sub-134/QC/eddy_QC
3501, sub-136/QC/eddy_QC
3501, sub-138/QC/eddy_QC
3501, sub-147/QC/eddy_QC
3525, sub-017/QC/eddy_QC
3525, sub-018/QC/eddy_QC
3525, sub-025/QC/eddy_QC
3525, sub-034/QC/eddy_QC
3525, sub-036/QC/eddy_QC
3525, sub-040/QC/eddy_QC
3525, sub-043/QC/eddy_QC
3525, sub-046/QC/eddy_QC
3525, sub-047/QC/eddy_QC
3525, sub-049/QC/eddy_QC
3525, sub-055/QC/eddy_QC
3525, sub-060/QC/eddy_QC
3525, sub-061/QC/eddy_QC
3525, sub-066/QC/eddy_QC
3525, sub-069/QC/eddy_QC
3525, sub-077/QC/eddy_QC
3525, sub-080/QC/eddy_QC
3525, sub-083/QC/eddy_QC
3525, sub-094/QC/eddy_QC
3525, sub-098/QC/eddy_QC
3525, sub-099/QC/eddy_QC
3525, sub-102/QC/eddy_QC
3525, sub-110/QC/eddy_QC
3525, sub-117/QC/eddy_QC
3525, sub-119/QC/eddy_QC
3525, sub-120/QC/eddy_QC
3525, sub-128/QC/eddy_QC
3525, sub-129/QC/eddy_QC
3525, sub-139/QC/eddy_QC
3525, sub-140/QC/eddy_QC
3525, sub-144/QC/eddy_QC
3549, sub-024/QC/eddy_QC
3549, sub-026/QC/eddy_QC
3549, sub-027/QC/eddy_QC
3549, sub-032/QC/eddy_QC
3549, sub-041/QC/eddy_QC
3549, sub-042/QC/eddy_QC
3549, sub-044/QC/eddy_QC
3549, sub-048/QC/eddy_QC
3549, sub-051/QC/eddy_QC
3549, sub-053/QC/eddy_QC
3549, sub-056/QC/eddy_QC
3549, sub-059/QC/eddy_QC
3549, sub-062/QC/eddy_QC
3549, sub-065/QC/eddy_QC
3549, sub-068/QC/eddy_QC
3549, sub-071/QC/eddy_QC
3549, sub-072/QC/eddy_QC
3549, sub-073/QC/eddy_QC
3549, sub-081/QC/eddy_QC
3549, sub-085/QC/eddy_QC
3549, sub-093/QC/eddy_QC
3549, sub-101/QC/eddy_QC
3549, sub-105/QC/eddy_QC
3549, sub-107/QC/eddy_QC
3549, sub-108/QC/eddy_QC
3549, sub-109/QC/eddy_QC
3549, sub-111/QC/eddy_QC
3549, sub-123/QC/eddy_QC
3557, sub-028/QC
3573, sub-057/QC/eddy_QC
3573, sub-095/QC/eddy_QC
3581, sub-019/QC
3581, sub-023/QC
3597, sub-039/QC/eddy_QC
3605, sub-034/QC
3831, sub-001/anat/first
3831, sub-002/anat/first
3831, sub-003/anat/first
3831, sub-005/anat/first
3839, sub-004/anat/first
3963, sub-110/logs
3978, sub-011/logs
4944, sub-002/logs
6069, sub-130/func/ICA_MELODIC/fix
6141, sub-097/func/ICA_MELODIC/fix
6317, sub-133/func/ICA_MELODIC/fix
6351, sub-130/func/ICA_MELODIC/reg
6357, sub-052/func/ICA_MELODIC/fix
6365, sub-029/func/ICA_MELODIC/fix
6373, sub-127/func/ICA_MELODIC/fix
6399, sub-129/func/ICA_MELODIC/reg
6413, sub-125/func/ICA_MELODIC/fix
6501, sub-129/func/ICA_MELODIC/fix
6517, sub-124/func/ICA_MELODIC/fix
6525, sub-054/func/ICA_MELODIC/fix
6535, sub-133/func/ICA_MELODIC/reg
6543, sub-097/func/ICA_MELODIC/reg
6549, sub-119/func/ICA_MELODIC/fix
6557, sub-087/func/ICA_MELODIC/fix
6557, sub-088/func/ICA_MELODIC/fix
6559, sub-114/func/ICA_MELODIC/reg
6581, sub-106/func/ICA_MELODIC/fix
6605, sub-112/func/ICA_MELODIC/fix
6621, sub-114/func/ICA_MELODIC/fix
6621, sub-153/func/ICA_MELODIC/fix
6629, sub-021/func/ICA_MELODIC/fix
6637, sub-154/func/ICA_MELODIC/fix
6647, sub-029/func/ICA_MELODIC/reg
6647, sub-127/func/ICA_MELODIC/reg
6663, sub-054/func/ICA_MELODIC/reg
6677, sub-099/func/ICA_MELODIC/fix
6685, sub-035/func/ICA_MELODIC/fix
6743, sub-112/func/ICA_MELODIC/reg
6751, sub-052/func/ICA_MELODIC/reg
6751, sub-125/func/ICA_MELODIC/reg
6759, sub-088/func/ICA_MELODIC/reg
6767, sub-145/func/ICA_MELODIC/reg
6773, sub-020/func/ICA_MELODIC/fix
6789, sub-104/func/ICA_MELODIC/fix
6797, sub-100/func/ICA_MELODIC/fix
6797, sub-122/func/ICA_MELODIC/fix
6799, sub-087/func/ICA_MELODIC/reg
6805, sub-145/func/ICA_MELODIC/fix
6813, sub-008/func/ICA_MELODIC/fix
6821, sub-131/func/ICA_MELODIC/fix
6829, sub-038/func/ICA_MELODIC/fix
6829, sub-050/func/ICA_MELODIC/fix
6829, sub-055/func/ICA_MELODIC/fix
6847, sub-119/func/ICA_MELODIC/reg
6853, sub-064/func/ICA_MELODIC/fix
6869, sub-030/func/ICA_MELODIC/fix
6885, sub-026/func/ICA_MELODIC/fix
6885, sub-066/func/ICA_MELODIC/fix
6901, sub-061/func/ICA_MELODIC/fix
6901, sub-118/func/ICA_MELODIC/fix
6911, sub-106/func/ICA_MELODIC/reg
6917, sub-033/func/ICA_MELODIC/fix
6917, sub-068/func/ICA_MELODIC/fix
6917, sub-082/func/ICA_MELODIC/fix
6919, sub-063/func/ICA_MELODIC/reg
6919, sub-124/func/ICA_MELODIC/reg
6925, sub-136/func/ICA_MELODIC/fix
6933, sub-138/func/ICA_MELODIC/fix
6933, sub-160/func/ICA_MELODIC/fix
6949, sub-034/func/ICA_MELODIC/fix
6959, sub-153/func/ICA_MELODIC/reg
6975, sub-008/func/ICA_MELODIC/reg
6975, sub-066/func/ICA_MELODIC/reg
6975, sub-100/func/ICA_MELODIC/reg
6981, sub-146/func/ICA_MELODIC/fix
6989, sub-023/func/ICA_MELODIC/fix
6989, sub-078/func/ICA_MELODIC/fix
6999, sub-058/func/ICA_MELODIC/reg
7005, sub-027/func/ICA_MELODIC/fix
7005, sub-080/func/ICA_MELODIC/fix
7005, sub-134/func/ICA_MELODIC/fix
7007, sub-030/func/ICA_MELODIC/reg
7021, sub-076/func/ICA_MELODIC/fix
7021, sub-126/func/ICA_MELODIC/fix
7031, sub-021/func/ICA_MELODIC/reg
7037, sub-053/func/ICA_MELODIC/fix
7037, sub-116/func/ICA_MELODIC/fix
7039, sub-154/func/ICA_MELODIC/reg
7045, sub-084/func/ICA_MELODIC/fix
7061, sub-069/func/ICA_MELODIC/fix
7061, sub-159/func/ICA_MELODIC/fix
7063, sub-050/func/ICA_MELODIC/reg
7071, sub-026/func/ICA_MELODIC/reg
7077, sub-012/func/ICA_MELODIC/fix
7077, sub-058/func/ICA_MELODIC/fix
7085, sub-083/func/ICA_MELODIC/fix
7087, sub-020/func/ICA_MELODIC/reg
7095, sub-099/func/ICA_MELODIC/reg
7109, sub-098/func/ICA_MELODIC/fix
7111, sub-035/func/ICA_MELODIC/reg
7117, sub-063/func/ICA_MELODIC/fix
7117, sub-091/func/ICA_MELODIC/fix
7127, sub-104/func/ICA_MELODIC/reg
7127, sub-118/func/ICA_MELODIC/reg
7133, sub-092/func/ICA_MELODIC/fix
7141, sub-073/func/ICA_MELODIC/fix
7149, sub-085/func/ICA_MELODIC/fix
7149, sub-093/func/ICA_MELODIC/fix
7149, sub-103/func/ICA_MELODIC/fix
7157, sub-142/func/ICA_MELODIC/fix
7159, sub-027/func/ICA_MELODIC/reg
7159, sub-083/func/ICA_MELODIC/reg
7173, sub-019/func/ICA_MELODIC/fix
7173, sub-086/func/ICA_MELODIC/fix
7181, sub-149/func/ICA_MELODIC/fix
7189, sub-042/func/ICA_MELODIC/fix
7191, sub-080/func/ICA_MELODIC/reg
7191, sub-103/func/ICA_MELODIC/reg
7197, sub-081/func/ICA_MELODIC/fix
7199, sub-061/func/ICA_MELODIC/reg
7199, sub-076/func/ICA_MELODIC/reg
7205, sub-041/func/ICA_MELODIC/fix
7205, sub-117/func/ICA_MELODIC/fix
7207, sub-138/func/ICA_MELODIC/reg
7213, sub-095/func/ICA_MELODIC/fix
7229, sub-040/func/ICA_MELODIC/fix
7229, sub-067/func/ICA_MELODIC/fix
7229, sub-140/func/ICA_MELODIC/fix
7253, sub-017/func/ICA_MELODIC/fix
7255, sub-014/func/ICA_MELODIC/reg
7255, sub-038/func/ICA_MELODIC/reg
7261, sub-031/func/ICA_MELODIC/fix
7261, sub-032/func/ICA_MELODIC/fix
7263, sub-034/func/ICA_MELODIC/reg
7277, sub-075/func/ICA_MELODIC/fix
7277, sub-132/func/ICA_MELODIC/fix
7279, sub-131/func/ICA_MELODIC/reg
7285, sub-011/func/ICA_MELODIC/fix
7285, sub-156/func/ICA_MELODIC/fix
7287, sub-023/func/ICA_MELODIC/reg
7287, sub-122/func/ICA_MELODIC/reg
7293, sub-015/func/ICA_MELODIC/fix
7295, sub-126/func/ICA_MELODIC/reg
7301, sub-065/func/ICA_MELODIC/fix
7301, sub-147/func/ICA_MELODIC/fix
7303, sub-064/func/ICA_MELODIC/reg
7311, sub-159/func/ICA_MELODIC/reg
7317, sub-014/func/ICA_MELODIC/fix
7317, sub-077/func/ICA_MELODIC/fix
7319, sub-068/func/ICA_MELODIC/reg
7333, sub-057/func/ICA_MELODIC/fix
7335, sub-057/func/ICA_MELODIC/reg
7341, sub-013/func/ICA_MELODIC/fix
7341, sub-036/func/ICA_MELODIC/fix
7341, sub-047/func/ICA_MELODIC/fix
7349, sub-022/func/ICA_MELODIC/fix
7357, sub-060/func/ICA_MELODIC/fix
7357, sub-128/func/ICA_MELODIC/fix
7383, sub-055/func/ICA_MELODIC/reg
7397, sub-016/func/ICA_MELODIC/fix
7397, sub-115/func/ICA_MELODIC/fix
7405, sub-137/func/ICA_MELODIC/fix
7413, sub-024/func/ICA_MELODIC/fix
7421, sub-018/func/ICA_MELODIC/fix
7421, sub-049/func/ICA_MELODIC/fix
7429, sub-045/func/ICA_MELODIC/fix
7437, sub-009/func/ICA_MELODIC/fix
7445, sub-010/func/ICA_MELODIC/fix
7453, sub-007/func/ICA_MELODIC/fix
7453, sub-039/func/ICA_MELODIC/fix
7453, sub-141/func/ICA_MELODIC/fix
7455, sub-067/func/ICA_MELODIC/reg
7455, sub-073/func/ICA_MELODIC/reg
7461, sub-110/func/ICA_MELODIC/fix
7469, sub-120/func/ICA_MELODIC/fix
7477, sub-072/func/ICA_MELODIC/fix
7493, sub-044/func/ICA_MELODIC/fix
7501, sub-094/func/ICA_MELODIC/fix
7503, sub-098/func/ICA_MELODIC/reg
7509, sub-046/func/ICA_MELODIC/fix
7509, sub-051/func/ICA_MELODIC/fix
7509, sub-101/func/ICA_MELODIC/fix
7519, sub-136/func/ICA_MELODIC/reg
7525, sub-025/func/ICA_MELODIC/fix
7533, sub-048/func/ICA_MELODIC/fix
7536, sub-008/anat/surfaces/morphology
7541, sub-107/func/ICA_MELODIC/fix
7551, sub-033/func/ICA_MELODIC/reg
7551, sub-075/func/ICA_MELODIC/reg
7551, sub-092/func/ICA_MELODIC/reg
7552, sub-029/anat/surfaces/morphology
7560, sub-127/anat/surfaces/morphology
7565, sub-028/func/ICA_MELODIC/fix
7575, sub-069/func/ICA_MELODIC/reg
7575, sub-078/func/ICA_MELODIC/reg
7576, sub-130/anat/surfaces/morphology
7581, sub-111/func/ICA_MELODIC/fix
7584, sub-114/anat/surfaces/morphology
7592, sub-133/anat/surfaces/morphology
7597, sub-109/func/ICA_MELODIC/fix
7605, sub-102/func/ICA_MELODIC/fix
7608, sub-052/anat/surfaces/morphology
7615, sub-116/func/ICA_MELODIC/reg
7621, sub-062/func/ICA_MELODIC/fix
7647, sub-040/func/ICA_MELODIC/reg
7647, sub-082/func/ICA_MELODIC/reg
7647, sub-086/func/ICA_MELODIC/reg
7647, sub-142/func/ICA_MELODIC/reg
7656, sub-129/anat/surfaces/morphology
7664, sub-125/anat/surfaces/morphology
7669, sub-074/func/ICA_MELODIC/fix
7677, sub-043/func/ICA_MELODIC/fix
7680, sub-097/anat/surfaces/morphology
7685, sub-056/func/ICA_MELODIC/fix
7685, sub-071/func/ICA_MELODIC/fix
7701, sub-144/func/ICA_MELODIC/fix
7712, sub-054/anat/surfaces/morphology
7717, sub-070/func/ICA_MELODIC/fix
7719, sub-016/func/ICA_MELODIC/reg
7720, sub-035/anat/surfaces/morphology
7720, sub-087/anat/surfaces/morphology
7727, sub-019/func/ICA_MELODIC/reg
7727, sub-146/func/ICA_MELODIC/reg
7728, sub-066/anat/surfaces/morphology
7728, sub-112/anat/surfaces/morphology
7728, sub-118/anat/surfaces/morphology
7735, sub-134/func/ICA_MELODIC/reg
7736, sub-099/anat/surfaces/morphology
7744, sub-020/anat/surfaces/morphology
7751, sub-132/func/ICA_MELODIC/reg
7751, sub-149/func/ICA_MELODIC/reg
7752, sub-003/anat/surfaces/morphology
7752, sub-021/anat/surfaces/morphology
7752, sub-119/anat/surfaces/morphology
7759, sub-085/func/ICA_MELODIC/reg
7759, sub-094/func/ICA_MELODIC/reg
7760, sub-014/anat/surfaces/morphology
7760, sub-058/anat/surfaces/morphology
7760, sub-088/anat/surfaces/morphology
7767, sub-011/func/ICA_MELODIC/reg
7767, sub-042/func/ICA_MELODIC/reg
7767, sub-160/func/ICA_MELODIC/reg
7768, sub-027/anat/surfaces/morphology
7768, sub-100/anat/surfaces/morphology
7768, sub-106/anat/surfaces/morphology
7773, sub-108/func/ICA_MELODIC/fix
7776, sub-145/anat/surfaces/morphology
7784, sub-064/anat/surfaces/morphology
7784, sub-075/anat/surfaces/morphology
7799, sub-147/func/ICA_MELODIC/reg
7800, sub-033/anat/surfaces/morphology
7800, sub-124/anat/surfaces/morphology
7808, sub-011/anat/surfaces/morphology
7815, sub-053/func/ICA_MELODIC/reg
7824, sub-034/anat/surfaces/morphology
7832, sub-030/anat/surfaces/morphology
7832, sub-040/anat/surfaces/morphology
7832, sub-153/anat/surfaces/morphology
7839, sub-047/func/ICA_MELODIC/reg
7839, sub-084/func/ICA_MELODIC/reg
7840, sub-016/anat/surfaces/morphology
7840, sub-022/anat/surfaces/morphology
7848, sub-026/anat/surfaces/morphology
7856, sub-136/anat/surfaces/morphology
7856, sub-139/anat/surfaces/morphology
7863, sub-115/func/ICA_MELODIC/reg
7864, sub-069/anat/surfaces/morphology
7871, sub-077/func/ICA_MELODIC/reg
7872, sub-142/anat/surfaces/morphology
7879, sub-022/func/ICA_MELODIC/reg
7879, sub-109/func/ICA_MELODIC/reg
7880, sub-085/anat/surfaces/morphology
7887, sub-081/func/ICA_MELODIC/reg
7888, sub-050/anat/surfaces/morphology
7888, sub-063/anat/surfaces/morphology
7888, sub-076/anat/surfaces/morphology
7896, sub-103/anat/surfaces/morphology
7896, sub-126/anat/surfaces/morphology
7896, sub-137/anat/surfaces/morphology
7896, sub-154/anat/surfaces/morphology
7903, sub-046/func/ICA_MELODIC/reg
7903, sub-091/func/ICA_MELODIC/reg
7904, sub-038/anat/surfaces/morphology
7904, sub-083/anat/surfaces/morphology
7904, sub-138/anat/surfaces/morphology
7911, sub-070/func/ICA_MELODIC/reg
7912, sub-019/anat/surfaces/morphology
7912, sub-068/anat/surfaces/morphology
7912, sub-080/anat/surfaces/morphology
7912, sub-104/anat/surfaces/morphology
7912, sub-116/anat/surfaces/morphology
7920, sub-002/anat/surfaces/morphology
7920, sub-010/anat/surfaces/morphology
7920, sub-023/anat/surfaces/morphology
7927, sub-010/func/ICA_MELODIC/reg
7928, sub-006/anat/surfaces/morphology
7928, sub-122/anat/surfaces/morphology
7928, sub-132/anat/surfaces/morphology
7935, sub-137/func/ICA_MELODIC/reg
7936, sub-084/anat/surfaces/morphology
7936, sub-098/anat/surfaces/morphology
7944, sub-039/anat/surfaces/morphology
7944, sub-055/anat/surfaces/morphology
7944, sub-091/anat/surfaces/morphology
7952, sub-067/anat/surfaces/morphology
7959, sub-041/func/ICA_MELODIC/reg
7960, sub-012/anat/surfaces/morphology
7960, sub-047/anat/surfaces/morphology
7976, sub-032/anat/surfaces/morphology
7976, sub-092/anat/surfaces/morphology
7983, sub-028/func/ICA_MELODIC/reg
7983, sub-108/func/ICA_MELODIC/reg
7984, sub-018/anat/surfaces/morphology
7991, sub-095/func/ICA_MELODIC/reg
7992, sub-041/anat/surfaces/morphology
7992, sub-053/anat/surfaces/morphology
7992, sub-134/anat/surfaces/morphology
7999, sub-093/func/ICA_MELODIC/reg
8000, sub-070/anat/surfaces/morphology
8000, sub-078/anat/surfaces/morphology
8007, sub-024/func/ICA_MELODIC/reg
8008, sub-061/anat/surfaces/morphology
8008, sub-082/anat/surfaces/morphology
8008, sub-115/anat/surfaces/morphology
8016, sub-007/anat/surfaces/morphology
8016, sub-028/anat/surfaces/morphology
8016, sub-036/anat/surfaces/morphology
8016, sub-086/anat/surfaces/morphology
8016, sub-093/anat/surfaces/morphology
8016, sub-109/anat/surfaces/morphology
8021, sub-059/func/ICA_MELODIC/fix
8024, sub-147/anat/surfaces/morphology
8031, sub-128/func/ICA_MELODIC/reg
8032, sub-140/anat/surfaces/morphology
8032, sub-159/anat/surfaces/morphology
8039, sub-031/func/ICA_MELODIC/reg
8039, sub-120/func/ICA_MELODIC/reg
8039, sub-140/func/ICA_MELODIC/reg
8040, sub-031/anat/surfaces/morphology
8040, sub-149/anat/surfaces/morphology
8047, sub-012/func/ICA_MELODIC/reg
8047, sub-110/func/ICA_MELODIC/reg
8048, sub-015/anat/surfaces/morphology
8048, sub-017/anat/surfaces/morphology
8055, sub-017/func/ICA_MELODIC/reg
8055, sub-044/func/ICA_MELODIC/reg
8056, sub-013/anat/surfaces/morphology
8056, sub-042/anat/surfaces/morphology
8056, sub-094/anat/surfaces/morphology
8056, sub-105/anat/surfaces/morphology
8056, sub-131/anat/surfaces/morphology
8056, sub-160/anat/surfaces/morphology
8063, sub-032/func/ICA_MELODIC/reg
8064, sub-001/anat/surfaces/morphology
8064, sub-065/anat/surfaces/morphology
8064, sub-095/anat/surfaces/morphology
8064, sub-108/anat/surfaces/morphology
8071, sub-074/func/ICA_MELODIC/reg
8079, sub-025/func/ICA_MELODIC/reg
8080, sub-005/anat/surfaces/morphology
8080, sub-049/anat/surfaces/morphology
8080, sub-110/anat/surfaces/morphology
8087, sub-060/func/ICA_MELODIC/reg
8087, sub-156/func/ICA_MELODIC/reg
8088, sub-051/anat/surfaces/morphology
8096, sub-046/anat/surfaces/morphology
8096, sub-057/anat/surfaces/morphology
8096, sub-073/anat/surfaces/morphology
8096, sub-081/anat/surfaces/morphology
8103, sub-065/func/ICA_MELODIC/reg
8103, sub-072/func/ICA_MELODIC/reg
8104, sub-025/anat/surfaces/morphology
8111, sub-015/func/ICA_MELODIC/reg
8112, sub-074/anat/surfaces/morphology
8120, sub-024/anat/surfaces/morphology
8120, sub-141/anat/surfaces/morphology
8128, sub-102/anat/surfaces/morphology
8128, sub-107/anat/surfaces/morphology
8135, sub-144/func/ICA_MELODIC/reg
8136, sub-101/anat/surfaces/morphology
8136, sub-117/anat/surfaces/morphology
8143, sub-117/func/ICA_MELODIC/reg
8144, sub-009/anat/surfaces/morphology
8144, sub-146/anat/surfaces/morphology
8152, sub-044/anat/surfaces/morphology
8152, sub-128/anat/surfaces/morphology
8152, sub-156/anat/surfaces/morphology
8167, sub-045/func/ICA_MELODIC/reg
8167, sub-102/func/ICA_MELODIC/reg
8168, sub-045/anat/surfaces/morphology
8176, sub-060/anat/surfaces/morphology
8176, sub-077/anat/surfaces/morphology
8189, sub-123/func/ICA_MELODIC/fix
8192, sub-120/anat/surfaces/morphology
8208, sub-111/anat/surfaces/morphology
8216, sub-004/anat/surfaces/morphology
8216, sub-043/anat/surfaces/morphology
8216, sub-048/anat/surfaces/morphology
8224, sub-144/anat/surfaces/morphology
8231, sub-101/func/ICA_MELODIC/reg
8239, sub-007/func/ICA_MELODIC/reg
8248, sub-062/anat/surfaces/morphology
8256, sub-072/anat/surfaces/morphology
8279, sub-051/func/ICA_MELODIC/reg
8279, sub-141/func/ICA_MELODIC/reg
8288, sub-071/anat/surfaces/morphology
8295, sub-013/func/ICA_MELODIC/reg
8295, sub-043/func/ICA_MELODIC/reg
8303, sub-071/func/ICA_MELODIC/reg
8311, sub-048/func/ICA_MELODIC/reg
8319, sub-111/func/ICA_MELODIC/reg
8327, sub-036/func/ICA_MELODIC/reg
8383, sub-049/func/ICA_MELODIC/reg
8399, sub-009/func/ICA_MELODIC/reg
8399, sub-107/func/ICA_MELODIC/reg
8408, sub-123/anat/surfaces/morphology
8424, sub-056/anat/surfaces/morphology
8431, sub-039/func/ICA_MELODIC/reg
8487, sub-018/func/ICA_MELODIC/reg
8511, sub-056/func/ICA_MELODIC/reg
8551, sub-062/func/ICA_MELODIC/reg
8560, sub-059/anat/surfaces/morphology
8759, sub-123/func/ICA_MELODIC/reg
9223, sub-059/func/ICA_MELODIC/reg
9952, sub-130/anat/volumetric
10080, sub-133/anat/volumetric
10136, sub-052/anat/volumetric
10136, sub-127/anat/volumetric
10160, sub-129/anat/volumetric
10168, sub-008/anat/volumetric
10192, sub-097/anat/volumetric
10200, sub-114/anat/volumetric
10245, sub-005/func/ICA_MELODIC/fix
10264, sub-029/anat/volumetric
10296, sub-112/anat/volumetric
10352, sub-125/anat/volumetric
10373, sub-001/func/ICA_MELODIC/fix
10376, sub-145/anat/volumetric
10392, sub-119/anat/volumetric
10400, sub-087/anat/volumetric
10408, sub-088/anat/volumetric
10416, sub-054/anat/volumetric
10440, sub-118/anat/volumetric
10464, sub-014/anat/volumetric
10464, sub-153/anat/volumetric
10472, sub-021/anat/volumetric
10488, sub-027/anat/volumetric
10488, sub-124/anat/volumetric
10504, sub-100/anat/volumetric
10528, sub-020/anat/volumetric
10536, sub-034/anat/volumetric
10544, sub-064/anat/volumetric
10544, sub-066/anat/volumetric
10552, sub-058/anat/volumetric
10600, sub-026/anat/volumetric
10600, sub-099/anat/volumetric
10600, sub-106/anat/volumetric
10616, sub-103/anat/volumetric
10624, sub-030/anat/volumetric
10624, sub-035/anat/volumetric
10632, sub-104/anat/volumetric
10640, sub-126/anat/volumetric
10640, sub-139/anat/volumetric
10656, sub-038/anat/volumetric
10664, sub-076/anat/volumetric
10664, sub-083/anat/volumetric
10664, sub-136/anat/volumetric
10672, sub-033/anat/volumetric
10680, sub-067/anat/volumetric
10688, sub-050/anat/volumetric
10688, sub-063/anat/volumetric
10696, sub-138/anat/volumetric
10720, sub-011/anat/volumetric
10744, sub-069/anat/volumetric
10752, sub-055/anat/volumetric
10768, sub-016/anat/volumetric
10768, sub-078/anat/volumetric
10768, sub-082/anat/volumetric
10768, sub-098/anat/volumetric
10776, sub-080/anat/volumetric
10784, sub-091/anat/volumetric
10800, sub-019/anat/volumetric
10800, sub-075/anat/volumetric
10816, sub-040/anat/volumetric
10824, sub-068/anat/volumetric
10824, sub-092/anat/volumetric
10832, sub-085/anat/volumetric
10832, sub-137/anat/volumetric
10832, sub-142/anat/volumetric
10832, sub-154/anat/volumetric
10840, sub-022/anat/volumetric
10848, sub-122/anat/volumetric
10880, sub-115/anat/volumetric
10888, sub-061/anat/volumetric
10896, sub-023/anat/volumetric
10896, sub-070/anat/volumetric
10896, sub-131/anat/volumetric
10912, sub-012/anat/volumetric
10912, sub-047/anat/volumetric
10912, sub-132/anat/volumetric
10920, sub-057/anat/volumetric
10928, sub-081/anat/volumetric
10928, sub-086/anat/volumetric
10928, sub-105/anat/volumetric
10928, sub-147/anat/volumetric
10936, sub-159/anat/volumetric
10944, sub-073/anat/volumetric
10944, sub-093/anat/volumetric
10944, sub-116/anat/volumetric
10952, sub-006/anat/volumetric
10952, sub-134/anat/volumetric
10968, sub-031/anat/volumetric
10968, sub-084/anat/volumetric
10984, sub-010/anat/volumetric
11000, sub-007/anat/volumetric
11016, sub-032/anat/volumetric
11024, sub-094/anat/volumetric
11024, sub-149/anat/volumetric
11032, sub-028/anat/volumetric
11032, sub-041/anat/volumetric
11048, sub-065/anat/volumetric
11056, sub-128/anat/volumetric
11064, sub-146/anat/volumetric
11072, sub-042/anat/volumetric
11072, sub-053/anat/volumetric
11080, sub-017/anat/volumetric
11088, sub-015/anat/volumetric
11096, sub-160/anat/volumetric
11112, sub-025/anat/volumetric
11112, sub-140/anat/volumetric
11120, sub-095/anat/volumetric
11160, sub-102/anat/volumetric
11160, sub-120/anat/volumetric
11168, sub-077/anat/volumetric
11176, sub-024/anat/volumetric
11176, sub-060/anat/volumetric
11176, sub-108/anat/volumetric
11184, sub-156/anat/volumetric
11200, sub-039/anat/volumetric
11216, sub-018/anat/volumetric
11224, sub-013/anat/volumetric
11224, sub-072/anat/volumetric
11232, sub-009/anat/volumetric
11232, sub-048/anat/volumetric
11232, sub-074/anat/volumetric
11232, sub-109/anat/volumetric
11240, sub-110/anat/volumetric
11248, sub-101/anat/volumetric
11256, sub-045/anat/volumetric
11256, sub-046/anat/volumetric
11264, sub-051/anat/volumetric
11280, sub-044/anat/volumetric
11304, sub-111/anat/volumetric
11328, sub-049/anat/volumetric
11344, sub-107/anat/volumetric
11352, sub-117/anat/volumetric
11360, sub-141/anat/volumetric
11368, sub-144/anat/volumetric
11392, sub-036/anat/volumetric
11392, sub-071/anat/volumetric
11528, sub-043/anat/volumetric
11648, sub-062/anat/volumetric
11672, sub-056/anat/volumetric
11784, sub-123/anat/volumetric
11808, sub-059/anat/volumetric
12158, sub-130/anat/surfaces/conte69
12214, sub-133/anat/surfaces/conte69
12310, sub-008/anat/surfaces/conte69
12534, sub-029/anat/surfaces/conte69
12670, sub-052/anat/surfaces/conte69
12790, sub-112/anat/surfaces/conte69
12798, sub-127/anat/surfaces/conte69
12854, sub-114/anat/surfaces/conte69
12871, sub-001/func/ICA_MELODIC/reg
12990, sub-087/anat/surfaces/conte69
13007, sub-005/func/ICA_MELODIC/reg
13038, sub-097/anat/surfaces/conte69
13046, sub-129/anat/surfaces/conte69
13070, sub-145/anat/surfaces/conte69
13102, sub-054/anat/surfaces/conte69
13126, sub-125/anat/surfaces/conte69
13158, sub-088/anat/surfaces/conte69
13174, sub-119/anat/surfaces/conte69
13214, sub-020/anat/surfaces/conte69
13214, sub-027/anat/surfaces/conte69
13214, sub-106/anat/surfaces/conte69
13214, sub-118/anat/surfaces/conte69
13246, sub-035/anat/surfaces/conte69
13254, sub-100/anat/surfaces/conte69
13262, sub-064/anat/surfaces/conte69
13278, sub-099/anat/surfaces/conte69
13286, sub-058/anat/surfaces/conte69
13286, sub-153/anat/surfaces/conte69
13334, sub-033/anat/surfaces/conte69
13334, sub-066/anat/surfaces/conte69
13342, sub-124/anat/surfaces/conte69
13366, sub-003/anat/surfaces/conte69
13438, sub-014/anat/surfaces/conte69
13438, sub-075/anat/surfaces/conte69
13462, sub-021/anat/surfaces/conte69
13478, sub-002/anat/surfaces/conte69
13478, sub-126/anat/surfaces/conte69
13502, sub-076/anat/surfaces/conte69
13502, sub-154/anat/surfaces/conte69
13518, sub-026/anat/surfaces/conte69
13518, sub-080/anat/surfaces/conte69
13526, sub-030/anat/surfaces/conte69
13558, sub-083/anat/surfaces/conte69
13566, sub-016/anat/surfaces/conte69
13566, sub-038/anat/surfaces/conte69
13566, sub-067/anat/surfaces/conte69
13574, sub-011/anat/surfaces/conte69
13574, sub-034/anat/surfaces/conte69
13590, sub-139/anat/surfaces/conte69
13598, sub-136/anat/surfaces/conte69
13614, sub-040/anat/surfaces/conte69
13614, sub-142/anat/surfaces/conte69
13638, sub-091/anat/surfaces/conte69
13646, sub-103/anat/surfaces/conte69
13654, sub-104/anat/surfaces/conte69
13670, sub-069/anat/surfaces/conte69
13670, sub-098/anat/surfaces/conte69
13678, sub-022/anat/surfaces/conte69
13686, sub-050/anat/surfaces/conte69
13686, sub-063/anat/surfaces/conte69
13710, sub-078/anat/surfaces/conte69
13710, sub-122/anat/surfaces/conte69
13710, sub-138/anat/surfaces/conte69
13734, sub-023/anat/surfaces/conte69
13734, sub-085/anat/surfaces/conte69
13774, sub-010/anat/surfaces/conte69
13782, sub-055/anat/surfaces/conte69
13814, sub-137/anat/surfaces/conte69
13822, sub-019/anat/surfaces/conte69
13822, sub-159/anat/surfaces/conte69
13838, sub-006/anat/surfaces/conte69
13838, sub-047/anat/surfaces/conte69
13846, sub-147/anat/surfaces/conte69
13878, sub-068/anat/surfaces/conte69
13886, sub-132/anat/surfaces/conte69
13896, sub-003/anat/volumetric
13902, sub-053/anat/surfaces/conte69
13910, sub-007/anat/surfaces/conte69
13910, sub-092/anat/surfaces/conte69
13918, sub-086/anat/surfaces/conte69
13918, sub-093/anat/surfaces/conte69
13918, sub-116/anat/surfaces/conte69
13926, sub-149/anat/surfaces/conte69
13934, sub-061/anat/surfaces/conte69
13966, sub-012/anat/surfaces/conte69
13974, sub-081/anat/surfaces/conte69
13982, sub-105/anat/surfaces/conte69
13982, sub-115/anat/surfaces/conte69
13982, sub-131/anat/surfaces/conte69
13998, sub-084/anat/surfaces/conte69
14054, sub-041/anat/surfaces/conte69
14054, sub-070/anat/surfaces/conte69
14062, sub-031/anat/surfaces/conte69
14062, sub-109/anat/surfaces/conte69
14062, sub-134/anat/surfaces/conte69
14078, sub-039/anat/surfaces/conte69
14086, sub-028/anat/surfaces/conte69
14094, sub-160/anat/surfaces/conte69
14102, sub-042/anat/surfaces/conte69
14102, sub-082/anat/surfaces/conte69
14118, sub-073/anat/surfaces/conte69
14118, sub-094/anat/surfaces/conte69
14126, sub-110/anat/surfaces/conte69
14166, sub-032/anat/surfaces/conte69
14174, sub-057/anat/surfaces/conte69
14174, sub-146/anat/surfaces/conte69
14198, sub-051/anat/surfaces/conte69
14206, sub-001/anat/surfaces/conte69
14214, sub-065/anat/surfaces/conte69
14214, sub-095/anat/surfaces/conte69
14238, sub-036/anat/surfaces/conte69
14238, sub-108/anat/surfaces/conte69
14246, sub-074/anat/surfaces/conte69
14254, sub-049/anat/surfaces/conte69
14270, sub-140/anat/surfaces/conte69
14286, sub-017/anat/surfaces/conte69
14286, sub-156/anat/surfaces/conte69
14294, sub-045/anat/surfaces/conte69
14302, sub-018/anat/surfaces/conte69
14320, sub-002/anat/volumetric
14374, sub-025/anat/surfaces/conte69
14374, sub-117/anat/surfaces/conte69
14390, sub-077/anat/surfaces/conte69
14390, sub-107/anat/surfaces/conte69
14398, sub-005/anat/surfaces/conte69
14406, sub-013/anat/surfaces/conte69
14406, sub-060/anat/surfaces/conte69
14422, sub-128/anat/surfaces/conte69
14438, sub-024/anat/surfaces/conte69
14438, sub-102/anat/surfaces/conte69
14446, sub-046/anat/surfaces/conte69
14454, sub-120/anat/surfaces/conte69
14454, sub-141/anat/surfaces/conte69
14462, sub-015/anat/surfaces/conte69
14462, sub-048/anat/surfaces/conte69
14502, sub-101/anat/surfaces/conte69
14502, sub-111/anat/surfaces/conte69
14526, sub-072/anat/surfaces/conte69
14534, sub-044/anat/surfaces/conte69
14574, sub-144/anat/surfaces/conte69
14590, sub-009/anat/surfaces/conte69
14734, sub-062/anat/surfaces/conte69
14750, sub-071/anat/surfaces/conte69
14758, sub-043/anat/surfaces/conte69
14782, sub-004/anat/surfaces/conte69
14952, sub-001/anat/volumetric
15120, sub-005/anat/volumetric
15230, sub-123/anat/surfaces/conte69
15286, sub-056/anat/surfaces/conte69
15432, sub-004/anat/volumetric
16110, sub-059/anat/surfaces/conte69
24929, sub-130/func/ICA_MELODIC/filtered_func_data.ica/stats
25746, sub-002/QC/png
27935, sub-002/QC
29092, sub-097/func/ICA_MELODIC/filtered_func_data.ica/stats
29107, sub-122/func/ICA_MELODIC/filtered_func_data.ica/stats
29116, sub-125/func/ICA_MELODIC/filtered_func_data.ica/stats
30444, sub-131/func/ICA_MELODIC/filtered_func_data.ica/stats
30465, sub-160/func/ICA_MELODIC/filtered_func_data.ica/stats
30594, sub-029/func/ICA_MELODIC/filtered_func_data.ica/stats
30930, sub-052/func/ICA_MELODIC/filtered_func_data.ica/stats
32738, sub-136/func/ICA_MELODIC/filtered_func_data.ica/stats
32869, sub-084/func/ICA_MELODIC/filtered_func_data.ica/stats
32929, sub-056/func/ICA_MELODIC/filtered_func_data.ica/stats
33271, sub-055/func/ICA_MELODIC/filtered_func_data.ica/stats
33305, sub-133/func/ICA_MELODIC/filtered_func_data.ica/stats
33375, sub-153/func/ICA_MELODIC/filtered_func_data.ica/stats
33848, sub-112/func/ICA_MELODIC/filtered_func_data.ica/stats
34281, sub-127/func/ICA_MELODIC/filtered_func_data.ica/stats
34388, sub-027/func/ICA_MELODIC/filtered_func_data.ica/stats
34421, sub-106/func/ICA_MELODIC/filtered_func_data.ica/stats
34534, sub-088/func/ICA_MELODIC/filtered_func_data.ica/stats
34551, sub-038/func/ICA_MELODIC/filtered_func_data.ica/stats
34581, sub-039/func/ICA_MELODIC/filtered_func_data.ica/stats
34645, sub-124/func/ICA_MELODIC/filtered_func_data.ica/stats
34670, sub-117/func/ICA_MELODIC/filtered_func_data.ica/stats
35165, sub-035/func/ICA_MELODIC/filtered_func_data.ica/stats
35224, sub-146/func/ICA_MELODIC/filtered_func_data.ica/stats
35810, sub-154/func/ICA_MELODIC/filtered_func_data.ica/stats
36306, sub-100/func/ICA_MELODIC/filtered_func_data.ica/stats
36346, sub-021/func/ICA_MELODIC/filtered_func_data.ica/stats
37510, sub-134/func/ICA_MELODIC/filtered_func_data.ica/stats
37558, sub-068/func/ICA_MELODIC/filtered_func_data.ica/stats
37868, sub-063/QC/png
37875, sub-020/func/ICA_MELODIC/filtered_func_data.ica/stats
37884, sub-119/func/ICA_MELODIC/filtered_func_data.ica/stats
37967, sub-053/func/ICA_MELODIC/filtered_func_data.ica/stats
37986, sub-091/func/ICA_MELODIC/filtered_func_data.ica/stats
38382, sub-013/func/ICA_MELODIC/filtered_func_data.ica/stats
39076, sub-118/func/ICA_MELODIC/filtered_func_data.ica/stats
39132, sub-159/QC/png
39155, sub-005/func/ICA_MELODIC/filtered_func_data.ica/stats
39207, sub-093/func/ICA_MELODIC/filtered_func_data.ica/stats
39208, sub-042/func/ICA_MELODIC/filtered_func_data.ica/stats
39548, sub-099/func/ICA_MELODIC/filtered_func_data.ica/stats
39850, sub-087/func/ICA_MELODIC/filtered_func_data.ica/stats
39867, sub-140/func/ICA_MELODIC/filtered_func_data.ica/stats
40195, sub-054/func/ICA_MELODIC/filtered_func_data.ica/stats
40216, sub-095/func/ICA_MELODIC/filtered_func_data.ica/stats
40491, sub-110/func/ICA_MELODIC/filtered_func_data.ica/stats
40560, sub-081/func/ICA_MELODIC/filtered_func_data.ica/stats
40730, sub-062/func/ICA_MELODIC/filtered_func_data.ica/stats
40827, sub-154/QC/png
41062, sub-064/func/ICA_MELODIC/filtered_func_data.ica/stats
41074, sub-082/func/ICA_MELODIC/filtered_func_data.ica/stats
41373, sub-069/func/ICA_MELODIC/filtered_func_data.ica/stats
41375, sub-063/QC
41386, sub-023/func/ICA_MELODIC/filtered_func_data.ica/stats
41396, sub-017/func/ICA_MELODIC/filtered_func_data.ica/stats
41444, sub-085/func/ICA_MELODIC/filtered_func_data.ica/stats
41757, sub-041/func/ICA_MELODIC/filtered_func_data.ica/stats
42100, sub-115/QC/png
42102, sub-019/func/ICA_MELODIC/filtered_func_data.ica/stats
42142, sub-015/func/ICA_MELODIC/filtered_func_data.ica/stats
42268, sub-009/func/ICA_MELODIC/filtered_func_data.ica/stats
42297, sub-045/func/ICA_MELODIC/filtered_func_data.ica/stats
42320, sub-018/func/ICA_MELODIC/filtered_func_data.ica/stats
42421, sub-107/func/ICA_MELODIC/filtered_func_data.ica/stats
42595, sub-040/func/ICA_MELODIC/filtered_func_data.ica/stats
42611, sub-034/func/ICA_MELODIC/filtered_func_data.ica/stats
42630, sub-149/func/ICA_MELODIC/filtered_func_data.ica/stats
42639, sub-159/QC
42730, sub-032/func/ICA_MELODIC/filtered_func_data.ica/stats
42765, sub-051/func/ICA_MELODIC/filtered_func_data.ica/stats
42774, sub-129/func/ICA_MELODIC/filtered_func_data.ica/stats
42806, sub-007/func/ICA_MELODIC/filtered_func_data.ica/stats
42892, sub-035/QC/png
42892, sub-104/func/ICA_MELODIC/filtered_func_data.ica/stats
42988, sub-050/func/ICA_MELODIC/filtered_func_data.ica/stats
43031, sub-026/func/ICA_MELODIC/filtered_func_data.ica/stats
43348, sub-156/QC/png
43364, sub-145/QC/png
43404, sub-014/QC/png
43444, sub-043/QC/png
43468, sub-070/QC/png
43508, sub-160/QC/png
43844, sub-140/QC/png
43964, sub-045/QC/png
43988, sub-141/QC/png
44076, sub-049/QC/png
44116, sub-123/QC/png
44123, sub-049/func/ICA_MELODIC/filtered_func_data.ica/stats
44132, sub-044/QC/png
44133, sub-138/func/ICA_MELODIC/filtered_func_data.ica/stats
44148, sub-025/QC/png
44148, sub-144/QC/png
44164, sub-137/QC/png
44180, sub-138/QC/png
44196, sub-065/QC/png
44204, sub-059/QC/png
44252, sub-060/QC/png
44284, sub-046/QC/png
44292, sub-075/QC/png
44332, sub-081/QC/png
44348, sub-012/QC/png
44348, sub-032/QC/png
44348, sub-042/QC/png
44348, sub-074/QC/png
44348, sub-108/QC/png
44348, sub-149/QC/png
44356, sub-053/QC/png
44356, sub-109/QC/png
44358, sub-154/QC
44404, sub-071/QC/png
44412, sub-067/QC/png
44428, sub-030/QC/png
44436, sub-056/QC/png
44444, sub-047/QC/png
44452, sub-134/QC/png
44476, sub-069/QC/png
44492, sub-040/QC/png
44500, sub-016/QC/png
44508, sub-088/QC/png
44516, sub-083/QC/png
44524, sub-027/QC/png
44524, sub-048/QC/png
44531, sub-031/func/ICA_MELODIC/filtered_func_data.ica/stats
44532, sub-136/QC/png
44540, sub-017/QC/png
44540, sub-111/QC/png
44540, sub-118/QC/png
44548, sub-091/QC/png
44548, sub-128/QC/png
44572, sub-055/QC/png
44580, sub-076/QC/png
44588, sub-132/QC/png
44612, sub-009/QC/png
44612, sub-131/QC/png
44628, sub-068/QC/png
44636, sub-010/QC/png
44636, sub-039/QC/png
44636, sub-095/QC/png
44636, sub-147/QC/png
44668, sub-041/QC/png
44676, sub-072/QC/png
44700, sub-086/QC/png
44716, sub-082/QC/png
44724, sub-098/QC/png
44732, sub-062/QC/png
44740, sub-031/QC/png
44740, sub-122/QC/png
44764, sub-105/QC/png
44772, sub-051/QC/png
44780, sub-100/QC/png
44780, sub-126/QC/png
44808, sub-098/func/ICA_MELODIC/filtered_func_data.ica/stats
44820, sub-120/QC/png
44828, sub-146/QC/png
44836, sub-024/QC/png
44852, sub-107/QC/png
44868, sub-139/QC/png
44884, sub-153/QC/png
44892, sub-036/QC/png
44908, sub-084/QC/png
44916, sub-015/QC/png
44916, sub-102/QC/png
44932, sub-020/QC/png
44948, sub-092/QC/png
44956, sub-117/QC/png
44964, sub-018/QC/png
44988, sub-073/QC/png
44996, sub-029/QC/png
44996, sub-033/QC/png
45004, sub-021/QC/png
45004, sub-066/QC/png
45012, sub-093/QC/png
45060, sub-101/QC/png
45108, sub-128/func/ICA_MELODIC/filtered_func_data.ica/stats
45124, sub-104/QC/png
45156, sub-119/QC/png
45164, sub-022/QC/png
45188, sub-026/QC/png
45196, sub-058/QC/png
45220, sub-077/QC/png
45228, sub-125/QC/png
45244, sub-054/QC/png
45252, sub-052/QC/png
45292, sub-085/QC/png
45308, sub-064/QC/png
45308, sub-129/QC/png
45364, sub-133/QC/png
45388, sub-112/QC/png
45396, sub-127/QC/png
45436, sub-080/QC/png
45444, sub-087/QC/png
45452, sub-078/QC/png
45508, sub-130/QC/png
45516, sub-097/QC/png
45516, sub-106/QC/png
45564, sub-114/QC/png
45579, sub-159/func/ICA_MELODIC/filtered_func_data.ica/stats
45588, sub-057/QC/png
45596, sub-050/QC/png
45631, sub-115/QC
45668, sub-124/QC/png
45676, sub-061/QC/png
45734, sub-132/func/ICA_MELODIC/filtered_func_data.ica/stats
45788, sub-094/QC/png
45860, sub-103/QC/png
45874, sub-126/func/ICA_MELODIC/filtered_func_data.ica/stats
45884, sub-099/QC/png
45990, sub-078/func/ICA_MELODIC/filtered_func_data.ica/stats
46021, sub-036/func/ICA_MELODIC/filtered_func_data.ica/stats
46103, sub-038/QC/png
46215, sub-123/func/ICA_MELODIC/filtered_func_data.ica/stats
46471, sub-035/QC
46641, sub-066/func/ICA_MELODIC/filtered_func_data.ica/stats
46690, sub-086/func/ICA_MELODIC/filtered_func_data.ica/stats
46790, sub-014/QC
46807, sub-092/func/ICA_MELODIC/filtered_func_data.ica/stats
46879, sub-156/QC
46895, sub-145/QC
46999, sub-070/QC
47047, sub-043/QC
47063, sub-160/QC
47326, sub-102/func/ICA_MELODIC/filtered_func_data.ica/stats
47447, sub-140/QC
47463, sub-012/func/ICA_MELODIC/filtered_func_data.ica/stats
47502, sub-065/func/ICA_MELODIC/filtered_func_data.ica/stats
47543, sub-045/QC
47543, sub-141/QC
47679, sub-049/QC
47719, sub-137/QC
47743, sub-123/QC
47751, sub-025/QC
47751, sub-144/QC
47759, sub-044/QC
47759, sub-138/QC
47782, sub-012/QC
47823, sub-065/QC
47823, sub-075/QC
47831, sub-059/QC
47855, sub-060/QC
47887, sub-046/QC
47903, sub-149/QC
47927, sub-074/QC
47943, sub-067/QC
47959, sub-081/QC
47975, sub-032/QC
47975, sub-042/QC
47975, sub-108/QC
47983, sub-053/QC
47983, sub-109/QC
48007, sub-030/QC
48022, sub-071/func/ICA_MELODIC/filtered_func_data.ica/stats
48031, sub-071/QC
48031, sub-134/QC
48039, sub-088/QC
48046, sub-009/QC
48046, sub-010/QC
48047, sub-047/QC
48063, sub-056/QC
48079, sub-016/QC
48079, sub-069/QC
48095, sub-040/QC
48111, sub-136/QC
48119, sub-083/QC
48119, sub-118/QC
48127, sub-091/QC
48143, sub-017/QC
48146, sub-024/func/ICA_MELODIC/filtered_func_data.ica/stats
48151, sub-027/QC
48151, sub-048/QC
48151, sub-128/QC
48159, sub-076/QC
48167, sub-111/QC
48167, sub-132/QC
48175, sub-055/QC
48191, sub-131/QC
48215, sub-147/QC
48255, sub-068/QC
48271, sub-082/QC
48279, sub-086/QC
48287, sub-095/QC
48295, sub-041/QC
48303, sub-072/QC
48310, sub-030/func/ICA_MELODIC/filtered_func_data.ica/stats
48311, sub-039/QC
48311, sub-126/QC
48319, sub-031/QC
48319, sub-122/QC
48327, sub-098/QC
48359, sub-062/QC
48359, sub-100/QC
48366, sub-105/QC
48383, sub-146/QC
48399, sub-051/QC
48423, sub-120/QC
48439, sub-153/QC
48463, sub-024/QC
48471, sub-139/QC
48479, sub-107/QC
48487, sub-084/QC
48495, sub-015/QC
48495, sub-036/QC
48511, sub-020/QC
48519, sub-102/QC
48527, sub-092/QC
48559, sub-117/QC
48567, sub-018/QC
48575, sub-029/QC
48575, sub-033/QC
48583, sub-021/QC
48607, sub-066/QC
48615, sub-073/QC
48639, sub-093/QC
48687, sub-101/QC
48703, sub-104/QC
48719, sub-022/QC
48743, sub-141/func/ICA_MELODIC/filtered_func_data.ica/stats
48759, sub-119/QC
48775, sub-058/QC
48783, sub-125/QC
48799, sub-054/QC
48807, sub-052/QC
48815, sub-026/QC
48823, sub-077/QC
48875, sub-046/func/ICA_MELODIC/filtered_func_data.ica/stats
48887, sub-064/QC
48911, sub-129/QC
48919, sub-085/QC
48919, sub-133/QC
48951, sub-127/QC
48967, sub-112/QC
49023, sub-087/QC
49031, sub-078/QC
49039, sub-080/QC
49063, sub-130/QC
49071, sub-097/QC
49071, sub-106/QC
49119, sub-114/QC
49175, sub-050/QC
49223, sub-124/QC
49239, sub-057/QC
49279, sub-061/QC
49280, sub-059/func/ICA_MELODIC/filtered_func_data.ica/stats
49307, sub-028/func/ICA_MELODIC/filtered_func_data.ica/stats
49391, sub-094/QC
49439, sub-103/QC
49487, sub-099/QC
49671, sub-072/func/ICA_MELODIC/filtered_func_data.ica/stats
49682, sub-038/QC
49907, sub-061/func/ICA_MELODIC/filtered_func_data.ica/stats
50253, sub-073/func/ICA_MELODIC/filtered_func_data.ica/stats
50613, sub-076/func/ICA_MELODIC/filtered_func_data.ica/stats
50854, sub-008/func/ICA_MELODIC/filtered_func_data.ica/stats
51749, sub-077/func/ICA_MELODIC/filtered_func_data.ica/stats
51917, sub-114/func/ICA_MELODIC/filtered_func_data.ica/stats
52135, sub-156/func/ICA_MELODIC/filtered_func_data.ica/stats
52156, sub-080/func/ICA_MELODIC/filtered_func_data.ica/stats
52438, sub-144/func/ICA_MELODIC/filtered_func_data.ica/stats
52445, sub-048/func/ICA_MELODIC/filtered_func_data.ica/stats
52617, sub-101/func/ICA_MELODIC/filtered_func_data.ica/stats
52859, sub-120/func/ICA_MELODIC/filtered_func_data.ica/stats
53065, sub-008/logs
53631, sub-142/func/ICA_MELODIC/filtered_func_data.ica/stats
53701, sub-116/func/ICA_MELODIC/filtered_func_data.ica/stats
53712, sub-047/func/ICA_MELODIC/filtered_func_data.ica/stats
53790, sub-060/func/ICA_MELODIC/filtered_func_data.ica/stats
54276, sub-109/func/ICA_MELODIC/filtered_func_data.ica/stats
54967, sub-111/func/ICA_MELODIC/filtered_func_data.ica/stats
55015, sub-016/func/ICA_MELODIC/filtered_func_data.ica/stats
55739, sub-067/func/ICA_MELODIC/filtered_func_data.ica/stats
57110, sub-043/func/ICA_MELODIC/filtered_func_data.ica/stats
57260, sub-145/func/ICA_MELODIC/filtered_func_data.ica/stats
58008, sub-001/func/ICA_MELODIC/filtered_func_data.ica/stats
58032, sub-057/func/ICA_MELODIC/filtered_func_data.ica/stats
58261, sub-083/func/ICA_MELODIC/filtered_func_data.ica/stats
59981, sub-115/func/ICA_MELODIC/filtered_func_data.ica/stats
61396, sub-033/func/ICA_MELODIC/filtered_func_data.ica/stats
62483, sub-147/func/ICA_MELODIC/filtered_func_data.ica/stats
62923, sub-044/func/ICA_MELODIC/filtered_func_data.ica/stats
65091, sub-075/func/ICA_MELODIC/filtered_func_data.ica/stats
65119, sub-011/func/ICA_MELODIC/filtered_func_data.ica/stats
65589, sub-058/func/ICA_MELODIC/filtered_func_data.ica/stats
66523, sub-137/func/ICA_MELODIC/filtered_func_data.ica/stats
67229, sub-103/func/ICA_MELODIC/filtered_func_data.ica/stats
69125, sub-074/func/ICA_MELODIC/filtered_func_data.ica/stats
69430, sub-022/func/ICA_MELODIC/filtered_func_data.ica/stats
71256, sub-014/func/ICA_MELODIC/filtered_func_data.ica/stats
71691, sub-010/func/ICA_MELODIC/filtered_func_data.ica/stats
73399, sub-063/func/ICA_MELODIC/filtered_func_data.ica/stats
74743, sub-070/func/ICA_MELODIC/filtered_func_data.ica/stats
75659, sub-025/func/ICA_MELODIC/filtered_func_data.ica/stats
79011, sub-094/func/ICA_MELODIC/filtered_func_data.ica/stats
81437, sub-108/func/ICA_MELODIC/filtered_func_data.ica/stats
83261, sub-130/anat/surfaces/geo_dist
83261, sub-133/anat/surfaces/geo_dist
83269, sub-008/anat/surfaces/geo_dist
83269, sub-029/anat/surfaces/geo_dist
83269, sub-127/anat/surfaces/geo_dist
83309, sub-114/anat/surfaces/geo_dist
83309, sub-129/anat/surfaces/geo_dist
83317, sub-052/anat/surfaces/geo_dist
83317, sub-097/anat/surfaces/geo_dist
83325, sub-118/anat/surfaces/geo_dist
83341, sub-014/anat/surfaces/geo_dist
83341, sub-027/anat/surfaces/geo_dist
83341, sub-054/anat/surfaces/geo_dist
83341, sub-087/anat/surfaces/geo_dist
83341, sub-088/anat/surfaces/geo_dist
83349, sub-119/anat/surfaces/geo_dist
83349, sub-136/anat/surfaces/geo_dist
83357, sub-100/anat/surfaces/geo_dist
83357, sub-112/anat/surfaces/geo_dist
83365, sub-021/anat/surfaces/geo_dist
83365, sub-063/anat/surfaces/geo_dist
83365, sub-125/anat/surfaces/geo_dist
83365, sub-145/anat/surfaces/geo_dist
83373, sub-003/anat/surfaces/geo_dist
83373, sub-035/anat/surfaces/geo_dist
83381, sub-030/anat/surfaces/geo_dist
83381, sub-066/anat/surfaces/geo_dist
83381, sub-106/anat/surfaces/geo_dist
83397, sub-033/anat/surfaces/geo_dist
83397, sub-064/anat/surfaces/geo_dist
83405, sub-026/anat/surfaces/geo_dist
83405, sub-050/anat/surfaces/geo_dist
83405, sub-058/anat/surfaces/geo_dist
83405, sub-099/anat/surfaces/geo_dist
83405, sub-138/anat/surfaces/geo_dist
83405, sub-153/anat/surfaces/geo_dist
83413, sub-034/anat/surfaces/geo_dist
83413, sub-124/anat/surfaces/geo_dist
83429, sub-022/anat/surfaces/geo_dist
83429, sub-103/anat/surfaces/geo_dist
83429, sub-104/anat/surfaces/geo_dist
83437, sub-011/anat/surfaces/geo_dist
83437, sub-016/anat/surfaces/geo_dist
83437, sub-067/anat/surfaces/geo_dist
83437, sub-091/anat/surfaces/geo_dist
83437, sub-126/anat/surfaces/geo_dist
83437, sub-139/anat/surfaces/geo_dist
83445, sub-070/anat/surfaces/geo_dist
83445, sub-131/anat/surfaces/geo_dist
83453, sub-019/anat/surfaces/geo_dist
83453, sub-020/anat/surfaces/geo_dist
83453, sub-038/anat/surfaces/geo_dist
83453, sub-083/anat/surfaces/geo_dist
83453, sub-142/anat/surfaces/geo_dist
83453, sub-154/anat/surfaces/geo_dist
83461, sub-023/anat/surfaces/geo_dist
83461, sub-028/anat/surfaces/geo_dist
83461, sub-069/anat/surfaces/geo_dist
83461, sub-122/anat/surfaces/geo_dist
83469, sub-078/anat/surfaces/geo_dist
83477, sub-041/anat/surfaces/geo_dist
83477, sub-055/anat/surfaces/geo_dist
83477, sub-080/anat/surfaces/geo_dist
83477, sub-086/anat/surfaces/geo_dist
83485, sub-002/anat/surfaces/geo_dist
83485, sub-010/anat/surfaces/geo_dist
83485, sub-012/anat/surfaces/geo_dist
83485, sub-040/anat/surfaces/geo_dist
83485, sub-053/anat/surfaces/geo_dist
83485, sub-076/anat/surfaces/geo_dist
83485, sub-082/anat/surfaces/geo_dist
83485, sub-094/anat/surfaces/geo_dist
83485, sub-098/anat/surfaces/geo_dist
83485, sub-160/anat/surfaces/geo_dist
83493, sub-006/anat/surfaces/geo_dist
83493, sub-007/anat/surfaces/geo_dist
83493, sub-042/anat/surfaces/geo_dist
83493, sub-061/anat/surfaces/geo_dist
83493, sub-092/anat/surfaces/geo_dist
83501, sub-001/anat/surfaces/geo_dist
83501, sub-068/anat/surfaces/geo_dist
83501, sub-075/anat/surfaces/geo_dist
83501, sub-132/anat/surfaces/geo_dist
83509, sub-005/anat/surfaces/geo_dist
83509, sub-046/anat/surfaces/geo_dist
83509, sub-047/anat/surfaces/geo_dist
83509, sub-057/anat/surfaces/geo_dist
83509, sub-085/anat/surfaces/geo_dist
83509, sub-095/anat/surfaces/geo_dist
83509, sub-105/anat/surfaces/geo_dist
83509, sub-110/anat/surfaces/geo_dist
83509, sub-115/anat/surfaces/geo_dist
83509, sub-141/anat/surfaces/geo_dist
83509, sub-147/anat/surfaces/geo_dist
83509, sub-159/anat/surfaces/geo_dist
83517, sub-009/anat/surfaces/geo_dist
83517, sub-031/anat/surfaces/geo_dist
83517, sub-051/anat/surfaces/geo_dist
83517, sub-073/anat/surfaces/geo_dist
83517, sub-081/anat/surfaces/geo_dist
83517, sub-084/anat/surfaces/geo_dist
83517, sub-149/anat/surfaces/geo_dist
83525, sub-017/anat/surfaces/geo_dist
83525, sub-032/anat/surfaces/geo_dist
83533, sub-077/anat/surfaces/geo_dist
83533, sub-116/anat/surfaces/geo_dist
83533, sub-128/anat/surfaces/geo_dist
83541, sub-013/anat/surfaces/geo_dist
83541, sub-065/anat/surfaces/geo_dist
83541, sub-093/anat/surfaces/geo_dist
83541, sub-134/anat/surfaces/geo_dist
83541, sub-146/anat/surfaces/geo_dist
83549, sub-018/anat/surfaces/geo_dist
83549, sub-025/anat/surfaces/geo_dist
83557, sub-004/anat/surfaces/geo_dist
83557, sub-024/anat/surfaces/geo_dist
83557, sub-049/anat/surfaces/geo_dist
83557, sub-109/anat/surfaces/geo_dist
83557, sub-137/anat/surfaces/geo_dist
83565, sub-060/anat/surfaces/geo_dist
83565, sub-107/anat/surfaces/geo_dist
83565, sub-156/anat/surfaces/geo_dist
83573, sub-015/anat/surfaces/geo_dist
83573, sub-062/anat/surfaces/geo_dist
83573, sub-108/anat/surfaces/geo_dist
83581, sub-039/anat/surfaces/geo_dist
83581, sub-048/anat/surfaces/geo_dist
83581, sub-101/anat/surfaces/geo_dist
83581, sub-140/anat/surfaces/geo_dist
83589, sub-045/anat/surfaces/geo_dist
83589, sub-102/anat/surfaces/geo_dist
83589, sub-111/anat/surfaces/geo_dist
83597, sub-044/anat/surfaces/geo_dist
83597, sub-074/anat/surfaces/geo_dist
83597, sub-117/anat/surfaces/geo_dist
83605, sub-036/anat/surfaces/geo_dist
83605, sub-043/anat/surfaces/geo_dist
83605, sub-072/anat/surfaces/geo_dist
83605, sub-120/anat/surfaces/geo_dist
83613, sub-144/anat/surfaces/geo_dist
83637, sub-071/anat/surfaces/geo_dist
83669, sub-123/anat/surfaces/geo_dist
83677, sub-056/anat/surfaces/geo_dist
83677, sub-059/anat/surfaces/geo_dist
88933, sub-110/QC/png
90167, sub-161/anat
90877, sub-038/logs
94842, sub-110/QC
102999, sub-130/anat/surfaces
103071, sub-133/anat/surfaces
103117, sub-008/anat/surfaces
103359, sub-029/anat/surfaces
103599, sub-052/anat/surfaces
103631, sub-127/anat/surfaces
103751, sub-114/anat/surfaces
103879, sub-112/anat/surfaces
104015, sub-129/anat/surfaces
104039, sub-097/anat/surfaces
104055, sub-087/anat/surfaces
104159, sub-054/anat/surfaces
104159, sub-125/anat/surfaces
104215, sub-145/anat/surfaces
104263, sub-088/anat/surfaces
104271, sub-118/anat/surfaces
104279, sub-119/anat/surfaces
104327, sub-027/anat/surfaces
104343, sub-035/anat/surfaces
104367, sub-106/anat/surfaces
104383, sub-100/anat/surfaces
104415, sub-020/anat/surfaces
104423, sub-099/anat/surfaces
104447, sub-064/anat/surfaces
104447, sub-066/anat/surfaces
104455, sub-058/anat/surfaces
104495, sub-003/anat/surfaces
104527, sub-153/anat/surfaces
104535, sub-033/anat/surfaces
104543, sub-014/anat/surfaces
104559, sub-124/anat/surfaces
104583, sub-021/anat/surfaces
104727, sub-075/anat/surfaces
104743, sub-030/anat/surfaces
104775, sub-026/anat/surfaces
104807, sub-136/anat/surfaces
104815, sub-034/anat/surfaces
104815, sub-126/anat/surfaces
104823, sub-011/anat/surfaces
104847, sub-016/anat/surfaces
104855, sub-154/anat/surfaces
104879, sub-076/anat/surfaces
104887, sub-002/anat/surfaces
104887, sub-139/anat/surfaces
104911, sub-080/anat/surfaces
104919, sub-083/anat/surfaces
104927, sub-038/anat/surfaces
104935, sub-040/anat/surfaces
104943, sub-063/anat/surfaces
104943, sub-142/anat/surfaces
104951, sub-022/anat/surfaces
104959, sub-067/anat/surfaces
104975, sub-103/anat/surfaces
104983, sub-050/anat/surfaces
104999, sub-069/anat/surfaces
104999, sub-104/anat/surfaces
105023, sub-091/anat/surfaces
105023, sub-138/anat/surfaces
105095, sub-098/anat/surfaces
105103, sub-122/anat/surfaces
105119, sub-023/anat/surfaces
105127, sub-085/anat/surfaces
105183, sub-010/anat/surfaces
105183, sub-078/anat/surfaces
105191, sub-019/anat/surfaces
105207, sub-055/anat/surfaces
105263, sub-006/anat/surfaces
105271, sub-137/anat/surfaces
105295, sub-068/anat/surfaces
105311, sub-047/anat/surfaces
105319, sub-132/anat/surfaces
105367, sub-116/anat/surfaces
105367, sub-159/anat/surfaces
105383, sub-053/anat/surfaces
105383, sub-092/anat/surfaces
105383, sub-147/anat/surfaces
105415, sub-012/anat/surfaces
105415, sub-086/anat/surfaces
105423, sub-007/anat/surfaces
105439, sub-061/anat/surfaces
105455, sub-084/anat/surfaces
105479, sub-093/anat/surfaces
105487, sub-131/anat/surfaces
105487, sub-149/anat/surfaces
105503, sub-070/anat/surfaces
105503, sub-115/anat/surfaces
105527, sub-041/anat/surfaces
105551, sub-105/anat/surfaces
105567, sub-028/anat/surfaces
105591, sub-081/anat/surfaces
105599, sub-082/anat/surfaces
105599, sub-134/anat/surfaces
105607, sub-039/anat/surfaces
105623, sub-031/anat/surfaces
105639, sub-109/anat/surfaces
105639, sub-160/anat/surfaces
105655, sub-042/anat/surfaces
105663, sub-094/anat/surfaces
105671, sub-032/anat/surfaces
105719, sub-110/anat/surfaces
105735, sub-073/anat/surfaces
105775, sub-001/anat/surfaces
105783, sub-057/anat/surfaces
105791, sub-095/anat/surfaces
105807, sub-051/anat/surfaces
105823, sub-065/anat/surfaces
105839, sub-018/anat/surfaces
105863, sub-017/anat/surfaces
105863, sub-036/anat/surfaces
105863, sub-146/anat/surfaces
105879, sub-108/anat/surfaces
105887, sub-140/anat/surfaces
105895, sub-049/anat/surfaces
105959, sub-074/anat/surfaces
105991, sub-005/anat/surfaces
106007, sub-013/anat/surfaces
106007, sub-156/anat/surfaces
106031, sub-025/anat/surfaces
106055, sub-045/anat/surfaces
106055, sub-046/anat/surfaces
106087, sub-015/anat/surfaces
106087, sub-107/anat/surfaces
106087, sub-141/anat/surfaces
106103, sub-077/anat/surfaces
106111, sub-117/anat/surfaces
106111, sub-128/anat/surfaces
106119, sub-024/anat/surfaces
106151, sub-060/anat/surfaces
106159, sub-102/anat/surfaces
106223, sub-101/anat/surfaces
106255, sub-009/anat/surfaces
106255, sub-120/anat/surfaces
106263, sub-048/anat/surfaces
106287, sub-044/anat/surfaces
106303, sub-111/anat/surfaces
106391, sub-072/anat/surfaces
106415, sub-144/anat/surfaces
106559, sub-004/anat/surfaces
106559, sub-062/anat/surfaces
106583, sub-043/anat/surfaces
106679, sub-071/anat/surfaces
107311, sub-123/anat/surfaces
107391, sub-056/anat/surfaces
108351, sub-059/anat/surfaces
111371, sub-008/QC/png
116977, sub-008/QC
121676, sub-063/dwi/connectomes
125228, sub-159/dwi/connectomes
136804, sub-115/dwi/connectomes
139156, sub-035/dwi/connectomes
145172, sub-145/dwi/connectomes
145996, sub-070/dwi/connectomes
146220, sub-156/dwi/connectomes
147476, sub-118/dwi/connectomes
148964, sub-065/dwi/connectomes
149612, sub-134/dwi/connectomes
149644, sub-043/dwi/connectomes
150252, sub-108/dwi/connectomes
150804, sub-049/dwi/connectomes
150852, sub-059/dwi/connectomes
150860, sub-128/dwi/connectomes
150972, sub-098/dwi/connectomes
151004, sub-067/dwi/connectomes
151196, sub-039/dwi/connectomes
151212, sub-160/dwi/connectomes
151316, sub-111/dwi/connectomes
151348, sub-017/dwi/connectomes
151412, sub-053/dwi/connectomes
151524, sub-110/dwi/connectomes
151540, sub-056/dwi/connectomes
151668, sub-025/dwi/connectomes
151716, sub-060/dwi/connectomes
151740, sub-075/dwi/connectomes
151740, sub-140/dwi/connectomes
152508, sub-046/dwi/connectomes
152580, sub-045/dwi/connectomes
152932, sub-141/dwi/connectomes
153052, sub-087/dwi/connectomes
153220, sub-040/dwi/connectomes
153308, sub-122/dwi/connectomes
153380, sub-072/dwi/connectomes
153620, sub-044/dwi/connectomes
153708, sub-074/dwi/connectomes
153828, sub-133/dwi/connectomes
154108, sub-014/dwi/connectomes
154124, sub-144/dwi/connectomes
154164, sub-112/dwi/connectomes
154196, sub-109/dwi/connectomes
154316, sub-149/dwi/connectomes
154452, sub-088/dwi/connectomes
154476, sub-091/dwi/connectomes
154580, sub-083/dwi/connectomes
154636, sub-085/dwi/connectomes
154676, sub-051/dwi/connectomes
155020, sub-069/dwi/connectomes
155092, sub-138/dwi/connectomes
155140, sub-068/dwi/connectomes
155268, sub-137/dwi/connectomes
155308, sub-042/dwi/connectomes
155340, sub-032/dwi/connectomes
155348, sub-062/dwi/connectomes
155396, sub-031/dwi/connectomes
155484, sub-047/dwi/connectomes
155644, sub-048/dwi/connectomes
155708, sub-027/dwi/connectomes
155788, sub-086/dwi/connectomes
155788, sub-153/dwi/connectomes
155884, sub-054/dwi/connectomes
155884, sub-114/dwi/connectomes
155940, sub-100/dwi/connectomes
156052, sub-129/dwi/connectomes
156108, sub-024/dwi/connectomes
156172, sub-016/dwi/connectomes
156252, sub-123/dwi/connectomes
156404, sub-130/dwi/connectomes
156404, sub-136/dwi/connectomes
156668, sub-131/dwi/connectomes
156708, sub-127/dwi/connectomes
156740, sub-033/dwi/connectomes
157020, sub-055/dwi/connectomes
157396, sub-126/dwi/connectomes
157404, sub-081/dwi/connectomes
157460, sub-041/dwi/connectomes
157524, sub-095/dwi/connectomes
157628, sub-064/dwi/connectomes
157684, sub-029/dwi/connectomes
157708, sub-077/dwi/connectomes
157708, sub-132/dwi/connectomes
157836, sub-120/dwi/connectomes
157916, sub-093/dwi/connectomes
157940, sub-015/dwi/connectomes
157948, sub-036/dwi/connectomes
158036, sub-082/dwi/connectomes
158116, sub-050/dwi/connectomes
158124, sub-073/dwi/connectomes
158132, sub-052/dwi/connectomes
158132, sub-071/dwi/connectomes
158148, sub-021/dwi/connectomes
158292, sub-030/dwi/connectomes
158332, sub-084/dwi/connectomes
158604, sub-020/dwi/connectomes
158652, sub-105/dwi/connectomes
158660, sub-102/dwi/connectomes
158836, sub-078/dwi/connectomes
158988, sub-076/dwi/connectomes
159020, sub-103/dwi/connectomes
159100, sub-139/dwi/connectomes
159140, sub-018/dwi/connectomes
159180, sub-146/dwi/connectomes
159220, sub-104/dwi/connectomes
159276, sub-092/dwi/connectomes
159340, sub-058/dwi/connectomes
159508, sub-066/dwi/connectomes
159564, sub-101/dwi/connectomes
159628, sub-057/dwi/connectomes
159740, sub-106/dwi/connectomes
159892, sub-061/dwi/connectomes
160148, sub-094/dwi/connectomes
160324, sub-117/dwi/connectomes
160436, sub-147/dwi/connectomes
160532, sub-097/dwi/connectomes
160676, sub-038/dwi/connectomes
160716, sub-026/dwi/connectomes
161100, sub-022/dwi/connectomes
161156, sub-080/dwi/connectomes
161412, sub-124/dwi/connectomes
161596, sub-125/dwi/connectomes
161804, sub-099/dwi/connectomes
161820, sub-012/dwi/connectomes
162188, sub-038/dwiOrig/connectomes
162372, sub-107/dwi/connectomes
163340, sub-119/dwi/connectomes
164148, sub-009/dwi/connectomes
164564, sub-010/dwi/connectomes
175343, sub-130/func/ICA_MELODIC/filtered_func_data.ica/report
194251, sub-122/func/ICA_MELODIC/filtered_func_data.ica/report
198065, sub-097/func/ICA_MELODIC/filtered_func_data.ica/report
198937, sub-125/func/ICA_MELODIC/filtered_func_data.ica/report
199168, sub-160/func/ICA_MELODIC/filtered_func_data.ica/report
202337, sub-131/func/ICA_MELODIC/filtered_func_data.ica/report
207062, sub-052/func/ICA_MELODIC/filtered_func_data.ica/report
207318, sub-029/func/ICA_MELODIC/filtered_func_data.ica/report
210902, sub-006/anat
211383, sub-084/func/ICA_MELODIC/filtered_func_data.ica/report
212120, sub-105/anat
212387, sub-130/anat
212515, sub-114/anat
212560, sub-056/func/ICA_MELODIC/filtered_func_data.ica/report
212699, sub-052/anat
213579, sub-127/anat
214171, sub-133/anat
214755, sub-139/anat
214795, sub-097/anat
214867, sub-153/anat
215371, sub-112/anat
215585, sub-142/anat
215619, sub-029/anat
215625, sub-116/anat
215902, sub-136/func/ICA_MELODIC/filtered_func_data.ica/report
216051, sub-054/anat
216219, sub-066/anat
216267, sub-129/anat
217147, sub-088/anat
217507, sub-106/anat
217619, sub-020/anat
217755, sub-087/anat
217875, sub-050/anat
217963, sub-124/anat
218091, sub-125/anat
218699, sub-064/anat
218707, sub-119/anat
219059, sub-145/anat
219083, sub-153/func/ICA_MELODIC/filtered_func_data.ica/report
219307, sub-030/anat
219363, sub-126/anat
219487, sub-039/func/ICA_MELODIC/filtered_func_data.ica/report
219587, sub-103/anat
219868, sub-154/dwi/connectomes
220059, sub-063/anat
220195, sub-038/anat
220219, sub-061/anat
220267, sub-058/anat
220267, sub-080/anat
220347, sub-083/anat
220595, sub-021/anat
220899, sub-154/anat
221027, sub-137/anat
221211, sub-040/anat
221285, sub-117/func/ICA_MELODIC/filtered_func_data.ica/report
221411, sub-034/anat
221547, sub-099/anat
221593, sub-007/anat
221691, sub-023/anat
221705, sub-112/func/ICA_MELODIC/filtered_func_data.ica/report
221755, sub-098/anat
221787, sub-100/anat
221843, sub-082/anat
221851, sub-055/func/ICA_MELODIC/filtered_func_data.ica/report
221955, sub-134/anat
222259, sub-104/anat
222499, sub-033/anat
222499, sub-118/anat
222555, sub-038/func/ICA_MELODIC/filtered_func_data.ica/report
222611, sub-014/anat
222619, sub-035/anat
222731, sub-057/anat
222771, sub-085/anat
222819, sub-012/anat
222827, sub-132/anat
223131, sub-073/anat
223203, sub-010/anat
223307, sub-026/anat
223315, sub-019/anat
223363, sub-016/anat
223571, sub-131/anat
223587, sub-027/anat
223875, sub-094/anat
223899, sub-149/anat
223987, sub-159/anat
224019, sub-086/anat
224035, sub-084/anat
224195, sub-078/anat
224278, sub-003/anat
224530, sub-027/func/ICA_MELODIC/filtered_func_data.ica/report
224755, sub-140/anat
224819, sub-075/anat
224883, sub-115/anat
224931, sub-136/anat
225003, sub-042/anat
225017, sub-013/anat
225027, sub-076/anat
225163, sub-011/anat
225171, sub-122/anat
225187, sub-092/anat
225219, sub-068/anat
225290, sub-008/anat
225291, sub-070/anat
225387, sub-069/anat
225438, sub-088/func/ICA_MELODIC/filtered_func_data.ica/report
225459, sub-046/anat
225515, sub-138/anat
225547, sub-055/anat
225819, sub-128/anat
225827, sub-045/anat
225891, sub-109/anat
225899, sub-077/anat
225907, sub-017/anat
225987, sub-146/anat
226123, sub-022/anat
226243, sub-067/anat
226307, sub-120/anat
226323, sub-047/anat
226427, sub-024/anat
227017, sub-146/func/ICA_MELODIC/filtered_func_data.ica/report
227091, sub-044/anat
227091, sub-147/anat
227259, sub-156/anat
227560, sub-124/func/ICA_MELODIC/filtered_func_data.ica/report
227603, sub-072/anat
227763, sub-117/anat
227771, sub-110/anat
227819, sub-032/anat
227843, sub-093/anat
228091, sub-065/anat
228315, sub-015/anat
228395, sub-091/anat
228403, sub-160/anat
228523, sub-108/anat
228587, sub-031/anat
228640, sub-035/func/ICA_MELODIC/filtered_func_data.ica/report
229011, sub-111/anat
229051, sub-041/anat
229267, sub-036/anat
229435, sub-074/anat
229459, sub-060/anat
229475, sub-053/anat
229483, sub-095/anat
229507, sub-043/anat
229819, sub-051/anat
229891, sub-081/anat
229915, sub-101/anat
230011, sub-141/anat
230119, sub-133/func/ICA_MELODIC/filtered_func_data.ica/report
230256, sub-106/func/ICA_MELODIC/filtered_func_data.ica/report
230411, sub-018/anat
230443, sub-102/anat
230555, sub-144/anat
231019, sub-071/anat
231779, sub-028/anat
232355, sub-009/anat
232843, sub-049/anat
233107, sub-025/anat
233227, sub-048/anat
233587, sub-056/anat
233931, sub-123/anat
233947, sub-107/anat
234160, sub-130/func/ICA_MELODIC/filtered_func_data.ica
234227, sub-039/anat
235283, sub-062/anat
236119, sub-127/func/ICA_MELODIC/filtered_func_data.ica/report
236590, sub-004/anat
237963, sub-059/anat
238741, sub-154/func/ICA_MELODIC/filtered_func_data.ica/report
241637, sub-091/func/ICA_MELODIC/filtered_func_data.ica/report
242395, sub-020/func/ICA_MELODIC/filtered_func_data.ica/report
242717, sub-021/func/ICA_MELODIC/filtered_func_data.ica/report
243477, sub-100/func/ICA_MELODIC/filtered_func_data.ica/report
244454, sub-134/func/ICA_MELODIC/filtered_func_data.ica/report
244510, sub-068/func/ICA_MELODIC/filtered_func_data.ica/report
247724, sub-053/func/ICA_MELODIC/filtered_func_data.ica/report
249814, sub-013/func/ICA_MELODIC/filtered_func_data.ica/report
250388, sub-093/func/ICA_MELODIC/filtered_func_data.ica/report
250851, sub-140/func/ICA_MELODIC/filtered_func_data.ica/report
251217, sub-119/func/ICA_MELODIC/filtered_func_data.ica/report
253691, sub-005/func/ICA_MELODIC/filtered_func_data.ica/report
254797, sub-062/func/ICA_MELODIC/filtered_func_data.ica/report
254851, sub-110/func/ICA_MELODIC/filtered_func_data.ica/report
255585, sub-118/func/ICA_MELODIC/filtered_func_data.ica/report
255809, sub-005/anat
256442, sub-081/func/ICA_MELODIC/filtered_func_data.ica/report
257610, sub-095/func/ICA_MELODIC/filtered_func_data.ica/report
257978, sub-042/func/ICA_MELODIC/filtered_func_data.ica/report
258585, sub-099/func/ICA_MELODIC/filtered_func_data.ica/report
259070, sub-087/func/ICA_MELODIC/filtered_func_data.ica/report
259886, sub-002/anat
261649, sub-009/func/ICA_MELODIC/filtered_func_data.ica/report
262521, sub-001/anat
262894, sub-023/func/ICA_MELODIC/filtered_func_data.ica/report
262986, sub-018/func/ICA_MELODIC/filtered_func_data.ica/report
263775, sub-069/func/ICA_MELODIC/filtered_func_data.ica/report
263792, sub-045/func/ICA_MELODIC/filtered_func_data.ica/report
264113, sub-017/func/ICA_MELODIC/filtered_func_data.ica/report
264590, sub-082/func/ICA_MELODIC/filtered_func_data.ica/report
264662, sub-122/func/ICA_MELODIC/filtered_func_data.ica
265613, sub-097/func/ICA_MELODIC/filtered_func_data.ica
267581, sub-125/func/ICA_MELODIC/filtered_func_data.ica
268009, sub-085/func/ICA_MELODIC/filtered_func_data.ica/report
268119, sub-107/func/ICA_MELODIC/filtered_func_data.ica/report
268613, sub-149/func/ICA_MELODIC/filtered_func_data.ica/report
268677, sub-064/func/ICA_MELODIC/filtered_func_data.ica/report
269023, sub-041/func/ICA_MELODIC/filtered_func_data.ica/report
269484, sub-054/func/ICA_MELODIC/filtered_func_data.ica/report
269485, sub-019/func/ICA_MELODIC/filtered_func_data.ica/report
271095, sub-051/func/ICA_MELODIC/filtered_func_data.ica/report
271200, sub-160/func/ICA_MELODIC/filtered_func_data.ica
273829, sub-007/func/ICA_MELODIC/filtered_func_data.ica/report
274101, sub-015/func/ICA_MELODIC/filtered_func_data.ica/report
274310, sub-032/func/ICA_MELODIC/filtered_func_data.ica/report
274980, sub-040/func/ICA_MELODIC/filtered_func_data.ica/report
275429, sub-131/func/ICA_MELODIC/filtered_func_data.ica
277148, sub-034/func/ICA_MELODIC/filtered_func_data.ica/report
277986, sub-128/func/ICA_MELODIC/filtered_func_data.ica/report
278535, sub-029/func/ICA_MELODIC/filtered_func_data.ica
278547, sub-026/func/ICA_MELODIC/filtered_func_data.ica/report
279034, sub-104/func/ICA_MELODIC/filtered_func_data.ica/report
279564, sub-049/func/ICA_MELODIC/filtered_func_data.ica/report
280170, sub-050/func/ICA_MELODIC/filtered_func_data.ica/report
280236, sub-031/func/ICA_MELODIC/filtered_func_data.ica/report
280391, sub-052/func/ICA_MELODIC/filtered_func_data.ica
285448, sub-138/func/ICA_MELODIC/filtered_func_data.ica/report
288019, sub-123/func/ICA_MELODIC/filtered_func_data.ica/report
289118, sub-129/func/ICA_MELODIC/filtered_func_data.ica/report
290161, sub-098/func/ICA_MELODIC/filtered_func_data.ica/report
290484, sub-084/func/ICA_MELODIC/filtered_func_data.ica
292942, sub-078/func/ICA_MELODIC/filtered_func_data.ica/report
293334, sub-065/func/ICA_MELODIC/filtered_func_data.ica/report
293552, sub-056/func/ICA_MELODIC/filtered_func_data.ica
293581, sub-126/func/ICA_MELODIC/filtered_func_data.ica/report
293848, sub-036/func/ICA_MELODIC/filtered_func_data.ica/report
293942, sub-102/func/ICA_MELODIC/filtered_func_data.ica/report
295511, sub-136/func/ICA_MELODIC/filtered_func_data.ica
298106, sub-153/func/ICA_MELODIC/filtered_func_data.ica
298302, sub-132/func/ICA_MELODIC/filtered_func_data.ica/report
299917, sub-086/func/ICA_MELODIC/filtered_func_data.ica/report
300762, sub-055/func/ICA_MELODIC/filtered_func_data.ica
301337, sub-112/func/ICA_MELODIC/filtered_func_data.ica
301347, sub-159/func/ICA_MELODIC/filtered_func_data.ica/report
301388, sub-092/func/ICA_MELODIC/filtered_func_data.ica/report
301980, sub-012/func/ICA_MELODIC/filtered_func_data.ica/report
303101, sub-024/func/ICA_MELODIC/filtered_func_data.ica/report
303465, sub-059/func/ICA_MELODIC/filtered_func_data.ica/report
304534, sub-071/func/ICA_MELODIC/filtered_func_data.ica/report
304734, sub-008/dwi/connectomes
305498, sub-038/func/ICA_MELODIC/filtered_func_data.ica
305571, sub-088/func/ICA_MELODIC/filtered_func_data.ica
305616, sub-066/func/ICA_MELODIC/filtered_func_data.ica/report
305733, sub-027/func/ICA_MELODIC/filtered_func_data.ica
306251, sub-046/func/ICA_MELODIC/filtered_func_data.ica/report
306331, sub-117/func/ICA_MELODIC/filtered_func_data.ica
306428, sub-039/func/ICA_MELODIC/filtered_func_data.ica
306940, sub-072/func/ICA_MELODIC/filtered_func_data.ica/report
307320, sub-133/func/ICA_MELODIC/filtered_func_data.ica
309084, sub-141/func/ICA_MELODIC/filtered_func_data.ica/report
309140, sub-124/func/ICA_MELODIC/filtered_func_data.ica
310777, sub-146/func/ICA_MELODIC/filtered_func_data.ica
311236, sub-106/func/ICA_MELODIC/filtered_func_data.ica
311500, sub-035/func/ICA_MELODIC/filtered_func_data.ica
313765, sub-030/func/ICA_MELODIC/filtered_func_data.ica/report
316656, sub-127/func/ICA_MELODIC/filtered_func_data.ica
316712, sub-101/func/ICA_MELODIC/filtered_func_data.ica/report
318379, sub-028/func/ICA_MELODIC/filtered_func_data.ica/report
318583, sub-076/func/ICA_MELODIC/filtered_func_data.ica/report
320588, sub-061/func/ICA_MELODIC/filtered_func_data.ica/report
322437, sub-060/func/ICA_MELODIC/filtered_func_data.ica/report
322543, sub-154/func/ICA_MELODIC/filtered_func_data.ica
323023, sub-048/func/ICA_MELODIC/filtered_func_data.ica/report
323567, sub-073/func/ICA_MELODIC/filtered_func_data.ica/report
324963, sub-156/func/ICA_MELODIC/filtered_func_data.ica/report
326077, sub-008/func/ICA_MELODIC/filtered_func_data.ica/report
326135, sub-077/func/ICA_MELODIC/filtered_func_data.ica/report
326723, sub-142/func/ICA_MELODIC/filtered_func_data.ica/report
328943, sub-100/func/ICA_MELODIC/filtered_func_data.ica
329055, sub-021/func/ICA_MELODIC/filtered_func_data.ica
329468, sub-120/func/ICA_MELODIC/filtered_func_data.ica/report
331526, sub-020/func/ICA_MELODIC/filtered_func_data.ica
332077, sub-144/func/ICA_MELODIC/filtered_func_data.ica/report
332279, sub-091/func/ICA_MELODIC/filtered_func_data.ica
333010, sub-080/func/ICA_MELODIC/filtered_func_data.ica/report
333184, sub-114/func/ICA_MELODIC/filtered_func_data.ica/report
334427, sub-134/func/ICA_MELODIC/filtered_func_data.ica
334683, sub-068/func/ICA_MELODIC/filtered_func_data.ica
338066, sub-053/func/ICA_MELODIC/filtered_func_data.ica
339067, sub-111/func/ICA_MELODIC/filtered_func_data.ica/report
339336, sub-116/func/ICA_MELODIC/filtered_func_data.ica/report
339653, sub-119/func/ICA_MELODIC/filtered_func_data.ica
342386, sub-109/func/ICA_MELODIC/filtered_func_data.ica/report
343273, sub-047/func/ICA_MELODIC/filtered_func_data.ica/report
343763, sub-013/func/ICA_MELODIC/filtered_func_data.ica
345074, sub-093/func/ICA_MELODIC/filtered_func_data.ica
346822, sub-140/func/ICA_MELODIC/filtered_func_data.ica
346987, sub-067/func/ICA_MELODIC/filtered_func_data.ica/report
347229, sub-118/func/ICA_MELODIC/filtered_func_data.ica
348398, sub-005/func/ICA_MELODIC/filtered_func_data.ica
351953, sub-042/func/ICA_MELODIC/filtered_func_data.ica
352071, sub-087/func/ICA_MELODIC/filtered_func_data.ica
352430, sub-110/func/ICA_MELODIC/filtered_func_data.ica
353117, sub-099/func/ICA_MELODIC/filtered_func_data.ica
353857, sub-081/func/ICA_MELODIC/filtered_func_data.ica
354372, sub-016/func/ICA_MELODIC/filtered_func_data.ica/report
354422, sub-043/func/ICA_MELODIC/filtered_func_data.ica/report
354689, sub-095/func/ICA_MELODIC/filtered_func_data.ica
356143, sub-062/func/ICA_MELODIC/filtered_func_data.ica
361039, sub-082/func/ICA_MELODIC/filtered_func_data.ica
361151, sub-023/func/ICA_MELODIC/filtered_func_data.ica
361420, sub-069/func/ICA_MELODIC/filtered_func_data.ica
361826, sub-057/func/ICA_MELODIC/filtered_func_data.ica/report
362534, sub-054/func/ICA_MELODIC/filtered_func_data.ica
364445, sub-017/func/ICA_MELODIC/filtered_func_data.ica
364827, sub-064/func/ICA_MELODIC/filtered_func_data.ica
364941, sub-009/func/ICA_MELODIC/filtered_func_data.ica
366520, sub-045/func/ICA_MELODIC/filtered_func_data.ica
367293, sub-085/func/ICA_MELODIC/filtered_func_data.ica
367897, sub-018/func/ICA_MELODIC/filtered_func_data.ica
368612, sub-041/func/ICA_MELODIC/filtered_func_data.ica
369139, sub-019/func/ICA_MELODIC/filtered_func_data.ica
370476, sub-107/func/ICA_MELODIC/filtered_func_data.ica
370723, sub-149/func/ICA_MELODIC/filtered_func_data.ica
370799, sub-083/func/ICA_MELODIC/filtered_func_data.ica/report
373867, sub-015/func/ICA_MELODIC/filtered_func_data.ica
375114, sub-001/func/ICA_MELODIC/filtered_func_data.ica/report
375412, sub-051/func/ICA_MELODIC/filtered_func_data.ica
375894, sub-040/func/ICA_MELODIC/filtered_func_data.ica
376655, sub-032/func/ICA_MELODIC/filtered_func_data.ica
377083, sub-007/func/ICA_MELODIC/filtered_func_data.ica
377195, sub-038/dwi/eddy
377718, sub-034/func/ICA_MELODIC/filtered_func_data.ica
379573, sub-104/func/ICA_MELODIC/filtered_func_data.ica
379578, sub-026/func/ICA_MELODIC/filtered_func_data.ica
380925, sub-050/func/ICA_MELODIC/filtered_func_data.ica
382850, sub-145/func/ICA_MELODIC/filtered_func_data.ica/report
382951, sub-115/func/ICA_MELODIC/filtered_func_data.ica/report
385516, sub-147/func/ICA_MELODIC/filtered_func_data.ica/report
385678, sub-049/func/ICA_MELODIC/filtered_func_data.ica
386990, sub-031/func/ICA_MELODIC/filtered_func_data.ica
387437, sub-128/func/ICA_MELODIC/filtered_func_data.ica
387947, sub-129/func/ICA_MELODIC/filtered_func_data.ica
388892, sub-044/func/ICA_MELODIC/filtered_func_data.ica/report
388948, sub-138/func/ICA_MELODIC/filtered_func_data.ica
392218, sub-033/func/ICA_MELODIC/filtered_func_data.ica/report
396345, sub-098/func/ICA_MELODIC/filtered_func_data.ica
400667, sub-078/func/ICA_MELODIC/filtered_func_data.ica
400823, sub-126/func/ICA_MELODIC/filtered_func_data.ica
403066, sub-123/func/ICA_MELODIC/filtered_func_data.ica
404732, sub-036/func/ICA_MELODIC/filtered_func_data.ica
404846, sub-159/func/ICA_MELODIC/filtered_func_data.ica
406643, sub-132/func/ICA_MELODIC/filtered_func_data.ica
406659, sub-065/func/ICA_MELODIC/filtered_func_data.ica
406763, sub-102/func/ICA_MELODIC/filtered_func_data.ica
408924, sub-011/func/ICA_MELODIC/filtered_func_data.ica/report
409575, sub-086/func/ICA_MELODIC/filtered_func_data.ica
410714, sub-092/func/ICA_MELODIC/filtered_func_data.ica
411675, sub-075/func/ICA_MELODIC/filtered_func_data.ica/report
412727, sub-103/func/ICA_MELODIC/filtered_func_data.ica/report
412872, sub-066/func/ICA_MELODIC/filtered_func_data.ica
412911, sub-058/func/ICA_MELODIC/filtered_func_data.ica/report
414890, sub-012/func/ICA_MELODIC/filtered_func_data.ica
417564, sub-010/func/ICA_MELODIC/filtered_func_data.ica/report
418903, sub-024/func/ICA_MELODIC/filtered_func_data.ica
420363, sub-071/func/ICA_MELODIC/filtered_func_data.ica
421150, sub-046/func/ICA_MELODIC/filtered_func_data.ica
423875, sub-030/func/ICA_MELODIC/filtered_func_data.ica
424171, sub-137/func/ICA_MELODIC/filtered_func_data.ica/report
424802, sub-141/func/ICA_MELODIC/filtered_func_data.ica
426026, sub-072/func/ICA_MELODIC/filtered_func_data.ica
426785, sub-059/func/ICA_MELODIC/filtered_func_data.ica
431141, sub-022/func/ICA_MELODIC/filtered_func_data.ica/report
434305, sub-014/func/ICA_MELODIC/filtered_func_data.ica/report
434894, sub-028/func/ICA_MELODIC/filtered_func_data.ica
435582, sub-061/func/ICA_MELODIC/filtered_func_data.ica
437916, sub-076/func/ICA_MELODIC/filtered_func_data.ica
439967, sub-074/func/ICA_MELODIC/filtered_func_data.ica/report
440548, sub-073/func/ICA_MELODIC/filtered_func_data.ica
442202, sub-008/dwi/auto_tract
443795, sub-008/func/ICA_MELODIC/filtered_func_data.ica
443912, sub-101/func/ICA_MELODIC/filtered_func_data.ica
447946, sub-156/func/ICA_MELODIC/filtered_func_data.ica
448187, sub-060/func/ICA_MELODIC/filtered_func_data.ica
449028, sub-077/func/ICA_MELODIC/filtered_func_data.ica
449972, sub-048/func/ICA_MELODIC/filtered_func_data.ica
451850, sub-142/func/ICA_MELODIC/filtered_func_data.ica
452508, sub-114/func/ICA_MELODIC/filtered_func_data.ica
453886, sub-120/func/ICA_MELODIC/filtered_func_data.ica
455317, sub-080/func/ICA_MELODIC/filtered_func_data.ica
456499, sub-144/func/ICA_MELODIC/filtered_func_data.ica
459435, sub-063/func/ICA_MELODIC/filtered_func_data.ica/report
462420, sub-070/func/ICA_MELODIC/filtered_func_data.ica/report
463564, sub-116/func/ICA_MELODIC/filtered_func_data.ica
467763, sub-094/func/ICA_MELODIC/filtered_func_data.ica/report
467889, sub-047/func/ICA_MELODIC/filtered_func_data.ica
469955, sub-025/func/ICA_MELODIC/filtered_func_data.ica/report
470730, sub-111/func/ICA_MELODIC/filtered_func_data.ica
470813, sub-109/func/ICA_MELODIC/filtered_func_data.ica
473742, sub-067/func/ICA_MELODIC/filtered_func_data.ica
481810, sub-016/func/ICA_MELODIC/filtered_func_data.ica
484455, sub-108/func/ICA_MELODIC/filtered_func_data.ica/report
489915, sub-043/func/ICA_MELODIC/filtered_func_data.ica
497009, sub-057/func/ICA_MELODIC/filtered_func_data.ica
504436, sub-083/func/ICA_MELODIC/filtered_func_data.ica
511461, sub-145/func/ICA_MELODIC/filtered_func_data.ica
511937, sub-001/func/ICA_MELODIC/filtered_func_data.ica
523988, sub-115/func/ICA_MELODIC/filtered_func_data.ica
532590, sub-147/func/ICA_MELODIC/filtered_func_data.ica
535277, sub-033/func/ICA_MELODIC/filtered_func_data.ica
537574, sub-044/func/ICA_MELODIC/filtered_func_data.ica
560058, sub-011/func/ICA_MELODIC/filtered_func_data.ica
561742, sub-075/func/ICA_MELODIC/filtered_func_data.ica
563052, sub-058/func/ICA_MELODIC/filtered_func_data.ica
565780, sub-103/func/ICA_MELODIC/filtered_func_data.ica
580534, sub-010/func/ICA_MELODIC/filtered_func_data.ica
580694, sub-137/func/ICA_MELODIC/filtered_func_data.ica
583395, sub-125/func/ICA_MELODIC
590755, sub-022/func/ICA_MELODIC/filtered_func_data.ica
592227, sub-131/func/ICA_MELODIC
597065, sub-014/func/ICA_MELODIC/filtered_func_data.ica
600321, sub-134/func/volumetric
600961, sub-131/func/volumetric
601065, sub-125/func/volumetric
601356, sub-074/func/ICA_MELODIC/filtered_func_data.ica
601433, sub-010/func/volumetric
601857, sub-102/func/volumetric
601969, sub-078/func/volumetric
602009, sub-044/func/volumetric
602073, sub-005/func/volumetric
623162, sub-063/func/ICA_MELODIC/filtered_func_data.ica
636034, sub-070/func/ICA_MELODIC/filtered_func_data.ica
644902, sub-025/func/ICA_MELODIC/filtered_func_data.ica
651737, sub-134/func/ICA_MELODIC
653726, sub-094/func/ICA_MELODIC/filtered_func_data.ica
670412, sub-108/func/ICA_MELODIC/filtered_func_data.ica
674932, sub-005/func/ICA_MELODIC
718481, sub-078/func/ICA_MELODIC
726001, sub-102/func/ICA_MELODIC
796928, sub-161/xfm
812652, sub-006/xfm
823148, sub-003/xfm
837908, sub-004/xfm
842729, sub-116/xfm
849073, sub-142/xfm
851281, sub-130/func/ICA_MELODIC
856572, sub-044/func/ICA_MELODIC
865993, sub-007/xfm
866440, sub-105/xfm
866473, sub-013/xfm
878197, sub-142/func/volumetric
878925, sub-046/func/volumetric
883342, sub-097/func/ICA_MELODIC
883399, sub-122/func/ICA_MELODIC
886995, sub-022/func/volumetric
887843, sub-015/func/volumetric
891017, sub-160/func/ICA_MELODIC
891635, sub-001/func/volumetric
895584, sub-052/func/ICA_MELODIC
896784, sub-029/func/ICA_MELODIC
898053, sub-059/func/volumetric
898125, sub-116/func/volumetric
898357, sub-076/func/volumetric
898565, sub-052/func/volumetric
898797, sub-074/func/volumetric
898813, sub-031/func/volumetric
898989, sub-136/func/volumetric
899548, sub-010/func/ICA_MELODIC
900957, sub-117/func/volumetric
901381, sub-106/func/volumetric
901445, sub-115/func/volumetric
901453, sub-013/func/volumetric
901469, sub-154/func/volumetric
901517, sub-094/func/volumetric
901525, sub-160/func/volumetric
901533, sub-099/func/volumetric
901565, sub-058/func/volumetric
901717, sub-104/func/volumetric
901757, sub-122/func/volumetric
901861, sub-027/func/volumetric
901893, sub-123/func/volumetric
901941, sub-053/func/volumetric
901949, sub-127/func/volumetric
902045, sub-028/func/volumetric
902045, sub-107/func/volumetric
902045, sub-111/func/volumetric
902117, sub-049/func/volumetric
902181, sub-065/func/volumetric
902197, sub-149/func/volumetric
902205, sub-084/func/volumetric
902253, sub-100/func/volumetric
902261, sub-068/func/volumetric
902285, sub-071/func/volumetric
902325, sub-130/func/volumetric
902341, sub-085/func/volumetric
902357, sub-097/func/volumetric
902389, sub-043/func/volumetric
902485, sub-120/func/volumetric
902493, sub-110/func/volumetric
902653, sub-021/func/volumetric
902669, sub-036/func/volumetric
902773, sub-007/func/volumetric
902773, sub-069/func/volumetric
902789, sub-009/func/volumetric
902805, sub-073/func/volumetric
902810, sub-097/xfm
902813, sub-062/func/volumetric
902821, sub-018/func/volumetric
902845, sub-012/func/volumetric
902877, sub-112/func/volumetric
902893, sub-118/func/volumetric
902941, sub-146/func/volumetric
902949, sub-019/func/volumetric
902949, sub-159/func/volumetric
902957, sub-032/func/volumetric
902981, sub-075/func/volumetric
903050, sub-052/xfm
903053, sub-042/func/volumetric
903061, sub-016/func/volumetric
903125, sub-055/func/volumetric
903141, sub-140/func/volumetric
903173, sub-017/func/volumetric
903189, sub-056/func/volumetric
903221, sub-133/func/volumetric
903269, sub-039/func/volumetric
903277, sub-081/func/volumetric
903285, sub-050/func/volumetric
903325, sub-051/func/volumetric
903325, sub-098/func/volumetric
903349, sub-061/func/volumetric
903365, sub-047/func/volumetric
903389, sub-029/func/volumetric
903477, sub-041/func/volumetric
903501, sub-156/func/volumetric
903517, sub-095/func/volumetric
903525, sub-026/func/volumetric
903581, sub-144/func/volumetric
903589, sub-034/func/volumetric
903589, sub-132/func/volumetric
903597, sub-045/func/volumetric
903669, sub-020/func/volumetric
903677, sub-024/func/volumetric
903677, sub-153/func/volumetric
903693, sub-054/func/volumetric
903741, sub-093/func/volumetric
903813, sub-077/func/volumetric
903821, sub-083/func/volumetric
903837, sub-137/func/volumetric
903869, sub-038/func/volumetric
903893, sub-147/func/volumetric
903981, sub-080/func/volumetric
903997, sub-040/func/volumetric
903997, sub-088/func/volumetric
904037, sub-064/func/volumetric
904037, sub-109/func/volumetric
904093, sub-141/func/volumetric
904165, sub-048/func/volumetric
904181, sub-025/func/volumetric
904189, sub-124/func/volumetric
904205, sub-087/func/volumetric
904210, sub-130/xfm
904237, sub-126/func/volumetric
904309, sub-119/func/volumetric
904373, sub-035/func/volumetric
904397, sub-008/func/volumetric
904413, sub-070/func/volumetric
904426, sub-114/xfm
904445, sub-082/func/volumetric
904477, sub-092/func/volumetric
904477, sub-114/func/volumetric
904485, sub-129/func/volumetric
904509, sub-072/func/volumetric
904514, sub-133/xfm
904549, sub-033/func/volumetric
904549, sub-145/func/volumetric
904557, sub-139/func/volumetric
904733, sub-014/func/volumetric
904733, sub-091/func/volumetric
904733, sub-128/func/volumetric
904821, sub-060/func/volumetric
904885, sub-086/func/volumetric
904893, sub-067/func/volumetric
904909, sub-030/func/volumetric
904949, sub-023/func/volumetric
905013, sub-057/func/volumetric
905077, sub-101/func/volumetric
905133, sub-011/func/volumetric
905373, sub-138/func/volumetric
905413, sub-103/func/volumetric
905509, sub-063/func/volumetric
905589, sub-066/func/volumetric
905637, sub-002/func/volumetric
905637, sub-108/func/volumetric
907153, sub-005/xfm
907274, sub-153/xfm
907330, sub-139/xfm
907386, sub-054/xfm
910301, sub-084/func/ICA_MELODIC
910338, sub-066/xfm
911474, sub-127/xfm
911530, sub-103/xfm
912002, sub-030/xfm
912320, sub-136/func/ICA_MELODIC
912522, sub-112/xfm
912994, sub-063/xfm
913938, sub-050/xfm
914506, sub-124/xfm
914730, sub-125/xfm
914786, sub-064/xfm
914881, sub-056/func/ICA_MELODIC
915306, sub-106/xfm
915586, sub-129/xfm
915657, sub-001/xfm
915674, sub-119/xfm
916258, sub-088/xfm
916330, sub-061/xfm
916394, sub-087/xfm
916962, sub-080/xfm
917098, sub-134/xfm
917181, sub-010/xfm
917307, sub-153/func/ICA_MELODIC
917722, sub-029/xfm
917978, sub-126/xfm
918162, sub-038/xfm
918642, sub-020/xfm
918834, sub-082/xfm
919530, sub-057/xfm
919594, sub-137/xfm
919674, sub-012/xfm
919754, sub-021/xfm
919994, sub-112/func/ICA_MELODIC
920090, sub-083/xfm
920267, sub-055/func/ICA_MELODIC
920866, sub-131/xfm
920994, sub-034/xfm
921074, sub-099/xfm
921242, sub-019/xfm
921570, sub-104/xfm
921818, sub-098/xfm
922426, sub-046/xfm
923146, sub-084/xfm
923394, sub-154/xfm
923906, sub-094/xfm
924186, sub-058/xfm
924980, sub-088/func/ICA_MELODIC
924990, sub-027/func/ICA_MELODIC
925066, sub-023/xfm
925082, sub-014/xfm
925226, sub-132/xfm
925283, sub-038/func/ICA_MELODIC
925410, sub-122/xfm
925490, sub-040/xfm
925665, sub-133/func/ICA_MELODIC
925924, sub-117/func/ICA_MELODIC
926610, sub-044/xfm
926618, sub-145/xfm
926650, sub-149/xfm
926714, sub-070/xfm
926770, sub-118/xfm
926818, sub-042/xfm
926858, sub-120/xfm
927189, sub-002/xfm
927221, sub-022/xfm
927274, sub-033/xfm
927325, sub-039/func/ICA_MELODIC
927418, sub-035/xfm
927506, sub-073/xfm
927674, sub-086/xfm
927738, sub-055/xfm
927866, sub-128/xfm
928197, sub-124/func/ICA_MELODIC
928290, sub-078/xfm
928314, sub-117/xfm
929125, sub-106/func/ICA_MELODIC
929490, sub-085/xfm
929909, sub-015/xfm
930106, sub-016/xfm
930138, sub-092/xfm
930242, sub-138/xfm
930410, sub-045/xfm
930442, sub-146/xfm
930514, sub-017/xfm
930530, sub-026/xfm
930778, sub-146/func/ICA_MELODIC
930786, sub-100/xfm
930850, sub-024/xfm
931074, sub-159/xfm
931306, sub-115/xfm
931405, sub-035/func/ICA_MELODIC
931754, sub-011/xfm
932378, sub-140/xfm
932418, sub-077/xfm
932978, sub-076/xfm
933026, sub-109/xfm
933098, sub-136/xfm
933210, sub-072/xfm
933234, sub-075/xfm
933306, sub-156/xfm
933682, sub-074/xfm
933738, sub-068/xfm
934162, sub-027/xfm
934362, sub-110/xfm
934497, sub-127/func/ICA_MELODIC
934506, sub-069/xfm
934698, sub-065/xfm
935058, sub-043/xfm
935378, sub-101/xfm
935722, sub-067/xfm
935858, sub-111/xfm
935922, sub-095/xfm
936074, sub-053/xfm
936650, sub-032/xfm
936706, sub-047/xfm
936986, sub-147/xfm
937037, sub-009/xfm
937354, sub-141/xfm
937994, sub-041/xfm
938410, sub-036/xfm
938506, sub-093/xfm
938538, sub-051/xfm
938602, sub-071/xfm
939642, sub-060/xfm
939914, sub-031/xfm
940002, sub-102/xfm
940034, sub-160/xfm
940618, sub-108/xfm
940984, sub-154/func/ICA_MELODIC
941146, sub-144/xfm
941850, sub-091/xfm
942226, sub-081/xfm
943210, sub-123/xfm
944970, sub-056/xfm
945082, sub-049/xfm
945106, sub-018/xfm
945674, sub-048/xfm
947792, sub-100/func/ICA_MELODIC
947928, sub-021/func/ICA_MELODIC
947930, sub-025/xfm
949402, sub-107/xfm
950682, sub-028/xfm
951087, sub-020/func/ICA_MELODIC
951130, sub-059/xfm
952501, sub-062/xfm
953576, sub-091/func/ICA_MELODIC
953988, sub-068/func/ICA_MELODIC
957362, sub-039/xfm
957915, sub-053/func/ICA_MELODIC
958766, sub-119/func/ICA_MELODIC
963980, sub-013/func/ICA_MELODIC
965795, sub-093/func/ICA_MELODIC
966614, sub-118/func/ICA_MELODIC
967615, sub-140/func/ICA_MELODIC
971408, sub-087/func/ICA_MELODIC
971526, sub-099/func/ICA_MELODIC
972058, sub-042/func/ICA_MELODIC
973111, sub-110/func/ICA_MELODIC
974202, sub-081/func/ICA_MELODIC
975410, sub-095/func/ICA_MELODIC
977472, sub-062/func/ICA_MELODIC
981271, sub-054/func/ICA_MELODIC
981461, sub-069/func/ICA_MELODIC
981648, sub-082/func/ICA_MELODIC
981920, sub-023/func/ICA_MELODIC
984900, sub-064/func/ICA_MELODIC
985118, sub-017/func/ICA_MELODIC
986230, sub-009/func/ICA_MELODIC
987510, sub-085/func/ICA_MELODIC
987601, sub-045/func/ICA_MELODIC
989098, sub-018/func/ICA_MELODIC
989229, sub-041/func/ICA_MELODIC
989492, sub-019/func/ICA_MELODIC
990908, sub-149/func/ICA_MELODIC
991765, sub-107/func/ICA_MELODIC
992890, sub-008/xfm
995420, sub-015/func/ICA_MELODIC
996295, sub-040/func/ICA_MELODIC
996661, sub-051/func/ICA_MELODIC
997303, sub-034/func/ICA_MELODIC
997400, sub-032/func/ICA_MELODIC
998012, sub-007/func/ICA_MELODIC
998334, sub-104/func/ICA_MELODIC
999035, sub-026/func/ICA_MELODIC
1000318, sub-050/func/ICA_MELODIC
1004295, sub-161/dwi
1004567, sub-031/func/ICA_MELODIC
1006495, sub-049/func/ICA_MELODIC
1007180, sub-129/func/ICA_MELODIC
1009374, sub-128/func/ICA_MELODIC
1009853, sub-138/func/ICA_MELODIC
1016242, sub-098/func/ICA_MELODIC
1020952, sub-126/func/ICA_MELODIC
1024775, sub-159/func/ICA_MELODIC
1025059, sub-123/func/ICA_MELODIC
1025237, sub-006
1025629, sub-036/func/ICA_MELODIC
1025943, sub-046/func/ICA_MELODIC
1027156, sub-132/func/ICA_MELODIC
1027644, sub-065/func/ICA_MELODIC
1030528, sub-086/func/ICA_MELODIC
1031435, sub-092/func/ICA_MELODIC
1033513, sub-066/func/ICA_MELODIC
1035515, sub-012/func/ICA_MELODIC
1039984, sub-024/func/ICA_MELODIC
1041620, sub-071/func/ICA_MELODIC
1044436, sub-030/func/ICA_MELODIC
1046362, sub-059/func/ICA_MELODIC
1046411, sub-141/func/ICA_MELODIC
1047963, sub-072/func/ICA_MELODIC
1049133, sub-003
1054709, sub-076/func/ICA_MELODIC
1055247, sub-061/func/ICA_MELODIC
1055707, sub-142/func/ICA_MELODIC
1055727, sub-028/func/ICA_MELODIC
1061077, sub-073/func/ICA_MELODIC
1064004, sub-008/func/ICA_MELODIC
1066513, sub-101/func/ICA_MELODIC
1069523, sub-156/func/ICA_MELODIC
1070101, sub-077/func/ICA_MELODIC
1070524, sub-060/func/ICA_MELODIC
1072053, sub-048/func/ICA_MELODIC
1072589, sub-114/func/ICA_MELODIC
1074807, sub-120/func/ICA_MELODIC
1075870, sub-080/func/ICA_MELODIC
1076244, sub-004
1078012, sub-144/func/ICA_MELODIC
1080445, sub-116/func/ICA_MELODIC
1088842, sub-047/func/ICA_MELODIC
1091915, sub-111/func/ICA_MELODIC
1092174, sub-109/func/ICA_MELODIC
1095287, sub-067/func/ICA_MELODIC
1102763, sub-016/func/ICA_MELODIC
1111364, sub-043/func/ICA_MELODIC
1118474, sub-057/func/ICA_MELODIC
1125109, sub-083/func/ICA_MELODIC
1131510, sub-145/func/ICA_MELODIC
1140626, sub-001/func/ICA_MELODIC
1141657, sub-159/dwi
1143329, sub-063/dwi
1144109, sub-115/func/ICA_MELODIC
1146131, sub-014/dwi
1154231, sub-147/func/ICA_MELODIC
1156174, sub-033/func/ICA_MELODIC
1157883, sub-010/dwi
1158691, sub-012/dwi
1163825, sub-035/dwi
1170353, sub-115/dwi
1170587, sub-009/dwi
1173545, sub-145/dwi
1176161, sub-156/dwi
1178929, sub-088/dwi
1180497, sub-160/dwi
1180537, sub-133/dwi
1180721, sub-070/dwi
1181273, sub-112/dwi
1181509, sub-058/func/ICA_MELODIC
1181835, sub-011/func/ICA_MELODIC
1182183, sub-075/func/ICA_MELODIC
1182473, sub-118/dwi
1183689, sub-029/dwi
1184353, sub-067/dwi
1184464, sub-125/func
1185273, sub-138/dwi
1185393, sub-130/dwi
1185561, sub-069/dwi
1185609, sub-137/dwi
1185745, sub-075/dwi
1185881, sub-134/dwi
1186337, sub-087/dwi
1186473, sub-054/dwi
1186513, sub-043/dwi
1186633, sub-141/dwi
1186801, sub-017/dwi
1186977, sub-129/dwi
1187097, sub-053/dwi
1187221, sub-103/func/ICA_MELODIC
1187241, sub-127/dwi
1187305, sub-016/dwi
1187401, sub-114/dwi
1187905, sub-083/dwi
1188089, sub-049/dwi
1188153, sub-046/dwi
1188921, sub-052/dwi
1189153, sub-032/dwi
1189217, sub-140/dwi
1189289, sub-122/dwi
1189297, sub-027/dwi
1189609, sub-131/dwi
1189689, sub-047/dwi
1189697, sub-100/dwi
1189721, sub-065/dwi
1189809, sub-097/dwi
1189929, sub-045/dwi
1189929, sub-108/dwi
1189937, sub-144/dwi
1190073, sub-153/dwi
1190105, sub-086/dwi
1190209, sub-040/dwi
1190241, sub-082/dwi
1190401, sub-066/dwi
1190641, sub-126/dwi
1190777, sub-106/dwi
1190913, sub-139/dwi
1191433, sub-091/dwi
1191633, sub-110/dwi
1191833, sub-146/dwi
1191881, sub-109/dwi
1191945, sub-128/dwi
1192105, sub-076/dwi
1192121, sub-074/dwi
1192257, sub-030/dwi
1192409, sub-098/dwi
1192801, sub-025/dwi
1192801, sub-055/dwi
1192849, sub-125/dwi
1192953, sub-149/dwi
1193009, sub-044/dwi
1193145, sub-064/dwi
1193153, sub-092/dwi
1193192, sub-131/func
1193257, sub-078/dwi
1193513, sub-105/dwi
1193785, sub-073/dwi
1193897, sub-136/dwi
1194017, sub-132/dwi
1194089, sub-020/dwi
1194129, sub-080/dwi
1194265, sub-124/dwi
1194313, sub-026/dwi
1194433, sub-119/dwi
1194577, sub-060/dwi
1194729, sub-081/dwi
1194945, sub-102/dwi
1195153, sub-050/dwi
1195225, sub-093/dwi
1195353, sub-111/dwi
1195361, sub-031/dwi
1195505, sub-072/dwi
1195529, sub-104/dwi
1195537, sub-015/dwi
1195569, sub-071/dwi
1195633, sub-033/dwi
1195857, sub-061/dwi
1195881, sub-103/dwi
1195985, sub-084/dwi
1196025, sub-039/dwi
1196145, sub-068/dwi
1196313, sub-095/dwi
1196481, sub-021/dwi
1197601, sub-056/dwi
1197625, sub-051/dwi
1197641, sub-117/dwi
1198073, sub-041/dwi
1198369, sub-024/dwi
1198385, sub-120/dwi
1198849, sub-099/dwi
1199073, sub-147/dwi
1199345, sub-042/dwi
1199537, sub-036/dwi
1199921, sub-094/dwi
1200105, sub-077/dwi
1200225, sub-057/dwi
1200481, sub-123/dwi
1201297, sub-058/dwi
1201849, sub-059/dwi
1202129, sub-038/dwiOrig
1202527, sub-137/func/ICA_MELODIC
1202569, sub-101/dwi
1202593, sub-107/dwi
1202705, sub-022/dwi
1203793, sub-018/dwi
1204153, sub-048/dwi
1204569, sub-085/dwi
1205545, sub-062/dwi
1213140, sub-022/func/ICA_MELODIC
1218786, sub-014/func/ICA_MELODIC
1219997, sub-074/func/ICA_MELODIC
1245179, sub-063/func/ICA_MELODIC
1246585, sub-154/dwi
1252062, sub-134/func
1258563, sub-070/func/ICA_MELODIC
1267319, sub-025/func/ICA_MELODIC
1273631, sub-094/func/ICA_MELODIC
1277009, sub-005/func
1288340, sub-028/dwi/connectomes
1293653, sub-108/func/ICA_MELODIC
1312180, sub-034/dwi/connectomes
1313964, sub-019/dwi/connectomes
1315348, sub-023/dwi/connectomes
1320454, sub-078/func
1321604, sub-011/dwi/connectomes
1327862, sub-102/func
1458585, sub-044/func
1500985, sub-010/func
1579281, sub-038/dwi
1589259, sub-130/func/surfaces
1592571, sub-133/func/surfaces
1604355, sub-008/func/surfaces
1614275, sub-029/func/surfaces
1622651, sub-052/func/surfaces
1630619, sub-112/func/surfaces
1632131, sub-127/func/surfaces
1639219, sub-114/func/surfaces
1644139, sub-087/func/surfaces
1652763, sub-097/func/surfaces
1659491, sub-129/func/surfaces
1666771, sub-145/func/surfaces
1671667, sub-054/func/surfaces
1678531, sub-119/func/surfaces
1678611, sub-088/func/surfaces
1688443, sub-106/func/surfaces
1688683, sub-118/func/surfaces
1690691, sub-035/func/surfaces
1691243, sub-064/func/surfaces
1692491, sub-027/func/surfaces
1692731, sub-020/func/surfaces
1693523, sub-100/func/surfaces
1699851, sub-099/func/surfaces
1702075, sub-153/func/surfaces
1707579, sub-058/func/surfaces
1709803, sub-066/func/surfaces
1711083, sub-124/func/surfaces
1714691, sub-033/func/surfaces
1732347, sub-021/func/surfaces
1732795, sub-075/func/surfaces
1733691, sub-154/func/surfaces
1737451, sub-126/func/surfaces
1739891, sub-014/func/surfaces
1742043, sub-026/func/surfaces
1743435, sub-076/func/surfaces
1746291, sub-080/func/surfaces
1747203, sub-002/func/surfaces
1748619, sub-030/func/surfaces
1751291, sub-083/func/surfaces
1751619, sub-016/func/surfaces
1752035, sub-038/func/surfaces
1752035, sub-136/func/surfaces
1755171, sub-034/func/surfaces
1756859, sub-011/func/surfaces
1757571, sub-040/func/surfaces
1759555, sub-067/func/surfaces
1760219, sub-142/func/surfaces
1760627, sub-139/func/surfaces
1763859, sub-098/func/surfaces
1764387, sub-091/func/surfaces
1767035, sub-104/func/surfaces
1767794, sub-008/dwi
1768939, sub-103/func/surfaces
1770547, sub-069/func/surfaces
1772107, sub-122/func/surfaces
1773803, sub-050/func/surfaces
1774147, sub-085/func/surfaces
1777835, sub-138/func/surfaces
1779131, sub-063/func/surfaces
1781555, sub-022/func/surfaces
1781763, sub-023/func/surfaces
1783475, sub-055/func/surfaces
1790419, sub-137/func/surfaces
1792587, sub-019/func/surfaces
1794907, sub-159/func/surfaces
1799643, sub-047/func/surfaces
1800571, sub-068/func/surfaces
1802643, sub-132/func/surfaces
1806059, sub-147/func/surfaces
1806835, sub-053/func/surfaces
1809699, sub-092/func/surfaces
1809891, sub-093/func/surfaces
1812955, sub-007/func/surfaces
1813659, sub-116/func/surfaces
1814011, sub-086/func/surfaces
1819315, sub-149/func/surfaces
1819659, sub-061/func/surfaces
1820443, sub-084/func/surfaces
1820659, sub-012/func/surfaces
1823803, sub-081/func/surfaces
1827483, sub-115/func/surfaces
1833979, sub-041/func/surfaces
1835979, sub-109/func/surfaces
1836299, sub-039/func/surfaces
1839803, sub-031/func/surfaces
1839883, sub-042/func/surfaces
1840531, sub-028/func/surfaces
1841499, sub-070/func/surfaces
1843011, sub-160/func/surfaces
1843435, sub-082/func/surfaces
1847835, sub-110/func/surfaces
1850227, sub-032/func/surfaces
1850627, sub-073/func/surfaces
1852467, sub-094/func/surfaces
1857523, sub-146/func/surfaces
1861635, sub-001/func/surfaces
1862515, sub-051/func/surfaces
1863003, sub-095/func/surfaces
1865539, sub-140/func/surfaces
1865811, sub-057/func/surfaces
1868971, sub-049/func/surfaces
1869947, sub-036/func/surfaces
1871611, sub-074/func/surfaces
1874291, sub-017/func/surfaces
1875083, sub-065/func/surfaces
1876715, sub-018/func/surfaces
1877715, sub-045/func/surfaces
1877747, sub-108/func/surfaces
1881795, sub-156/func/surfaces
1890579, sub-117/func/surfaces
1895507, sub-107/func/surfaces
1895867, sub-013/func/surfaces
1897253, sub-161
1898683, sub-077/func/surfaces
1898803, sub-025/func/surfaces
1902411, sub-060/func/surfaces
1903651, sub-141/func/surfaces
1903819, sub-046/func/surfaces
1904795, sub-024/func/surfaces
1905507, sub-015/func/surfaces
1905939, sub-128/func/surfaces
1909955, sub-120/func/surfaces
1911787, sub-048/func/surfaces
1920795, sub-101/func/surfaces
1920979, sub-072/func/surfaces
1923003, sub-111/func/surfaces
1925643, sub-144/func/surfaces
1936291, sub-009/func/surfaces
1952107, sub-062/func/surfaces
1955715, sub-071/func/surfaces
1959523, sub-043/func/surfaces
2035811, sub-123/func/surfaces
2038243, sub-056/func/surfaces
2103427, sub-059/func/surfaces
2312281, sub-028/dwi
2318851, sub-011/dwi
2323058, sub-105
2347585, sub-034/dwi
2347737, sub-019/dwi
2352145, sub-023/dwi
2442106, sub-005
2652842, sub-002/func
2665186, sub-139/func
3342866, sub-130/func
3414450, sub-029/func
3416802, sub-052/func
3421458, sub-133/func
3438463, sub-097/func
3453491, sub-112/func
3468578, sub-127/func
3507590, sub-088/func
3518951, sub-106/func
3519344, sub-027/func
3519754, sub-087/func
3523060, sub-153/func
3526471, sub-035/func
3541607, sub-119/func
3543471, sub-124/func
3543569, sub-100/func
3547488, sub-020/func
3556633, sub-054/func
3557264, sub-122/func
3558191, sub-118/func
3562070, sub-125
3563346, sub-136/func
3571158, sub-129/func
3572757, sub-008/func
3572911, sub-099/func
3576145, sub-154/func
3578582, sub-131
3580181, sub-064/func
3581188, sub-038/func
3582929, sub-021/func
3606868, sub-055/func
3616287, sub-114/func
3622697, sub-091/func
3628180, sub-134
3632950, sub-084/func
3635555, sub-160/func
3644604, sub-026/func
3648907, sub-066/func
3654782, sub-069/func
3656065, sub-034/func
3656822, sub-068/func
3657865, sub-040/func
3662641, sub-126/func
3663999, sub-085/func
3666693, sub-053/func
3666894, sub-039/func
3667088, sub-104/func
3668634, sub-023/func
3677408, sub-050/func
3679429, sub-093/func
3683427, sub-098/func
3685029, sub-019/func
3691243, sub-146/func
3693063, sub-138/func
3694124, sub-142/func
3696502, sub-076/func
3697965, sub-030/func
3701284, sub-081/func
3702832, sub-145/func
3712421, sub-149/func
3713741, sub-007/func
3714996, sub-042/func
3717461, sub-117/func
3718348, sub-078
3722632, sub-159/func
3723440, sub-110/func
3726144, sub-080/func
3726686, sub-041/func
3729530, sub-082/func
3733390, sub-132/func
3736296, sub-140/func
3741932, sub-095/func
3743185, sub-031/func
3744916, sub-102
3745613, sub-092/func
3749425, sub-086/func
3750586, sub-032/func
3757445, sub-016/func
3759021, sub-012/func
3759736, sub-067/func
3761302, sub-013/func
3762502, sub-051/func
3762583, sub-017/func
3768636, sub-018/func
3768915, sub-045/func
3775416, sub-033/func
3777585, sub-049/func
3778257, sub-061/func
3780222, sub-083/func
3788772, sub-015/func
3789318, sub-107/func
3790654, sub-058/func
3791851, sub-047/func
3792231, sub-116/func
3798247, sub-036/func
3798304, sub-028/func
3804910, sub-065/func
3808688, sub-046/func
3814510, sub-073/func
3817960, sub-075/func
3820048, sub-128/func
3825311, sub-009/func
3832192, sub-109/func
3832393, sub-062/func
3843829, sub-011/func
3848457, sub-024/func
3850363, sub-010
3854157, sub-141/func
3854820, sub-156/func
3856207, sub-044
3856315, sub-056/func
3861574, sub-103/func
3863411, sub-014/func
3864185, sub-147/func
3872598, sub-077/func
3872862, sub-002
3873038, sub-115/func
3873453, sub-072/func
3877757, sub-060/func
3881692, sub-022/func
3887249, sub-120/func
3888006, sub-048/func
3889300, sub-057/func
3892387, sub-101/func
3893898, sub-001/func
3896784, sub-137/func
3899622, sub-071/func
3907237, sub-144/func
3916964, sub-111/func
3929820, sub-063/func
3962764, sub-123/func
3973278, sub-043/func
3990406, sub-074/func
4004477, sub-070/func
4027616, sub-094/func
4047843, sub-059/func
4070304, sub-025/func
4077038, sub-108/func
4760974, sub-142
4803563, sub-007
4852752, sub-116
4854999, sub-013
5029727, sub-139
5074816, sub-001
5697088, sub-130
5772800, sub-133
5773464, sub-052
5783264, sub-029
5798149, sub-097
5814817, sub-112
5833000, sub-127
5871140, sub-088
5886922, sub-153
5890021, sub-035
5892464, sub-087
5894813, sub-106
5917742, sub-027
5918519, sub-054
5922381, sub-119
5922581, sub-124
5929550, sub-020
5937383, sub-100
5941253, sub-118
5942116, sub-129
5948638, sub-122
5958891, sub-064
5966600, sub-136
5967053, sub-099
5971543, sub-021
5972957, sub-114
6004338, sub-055
6014566, sub-154
6017697, sub-066
6027788, sub-084
6034753, sub-160
6035687, sub-091
6042103, sub-126
6044770, sub-026
6046063, sub-040
6051532, sub-069
6056734, sub-050
6058342, sub-104
6063380, sub-068
6065174, sub-159
6070507, sub-053
6070937, sub-098
6072126, sub-145
6072739, sub-030
6072981, sub-085
6085061, sub-138
6091097, sub-146
6092827, sub-093
6097980, sub-076
6106012, sub-039
6107019, sub-149
6109702, sub-080
6111163, sub-012
6111928, sub-082
6117346, sub-042
6119290, sub-081
6122947, sub-117
6126828, sub-132
6133462, sub-140
6142687, sub-086
6143300, sub-041
6145803, sub-092
6149467, sub-016
6155122, sub-095
6155376, sub-032
6157149, sub-017
6157198, sub-067
6158535, sub-031
6159844, sub-083
6163135, sub-061
6165825, sub-045
6172582, sub-033
6176076, sub-110
6180068, sub-051
6188388, sub-058
6194141, sub-015
6194479, sub-049
6195790, sub-046
6195841, sub-047
6199690, sub-018
6207226, sub-014
6208436, sub-065
6210732, sub-073
6212766, sub-075
6216819, sub-009
6217014, sub-128
6217141, sub-036
6226932, sub-107
6234190, sub-109
6241204, sub-103
6241610, sub-156
6248396, sub-115
6250786, sub-063
6255775, sub-024
6258875, sub-141
6273934, sub-137
6277187, sub-062
6278743, sub-147
6281259, sub-072
6283044, sub-077
6283721, sub-056
6284258, sub-057
6289557, sub-022
6290407, sub-120
6292459, sub-060
6312105, sub-101
6316052, sub-071
6319827, sub-144
6322388, sub-048
6328538, sub-111
6374596, sub-043
6387403, sub-070
6391298, sub-123
6396732, sub-074
6427926, sub-094
6487260, sub-108
6489801, sub-059
6495078, sub-025
6728839, sub-008
7152821, sub-034
7174270, sub-023
7184089, sub-019
7299812, sub-028
7327075, sub-011
7641578, sub-038
841972785, .
